6.960651e+01 1.480431e+02 2.681851e+02 -5.053547e+01
4.887465e+01 -1.480431e+02 -4.908400e+01 -5.008442e+01
4.433947e+02 0.000000e+00 3.081981e+02 1.351965e+02
2.150464e+02 0.000000e+00 2.131916e+02 1.854757e+00
2.285765e+01 -1.480431e+02 2.995786e+01 -1.551433e+02
1.356978e+02 1.480431e+02 2.679493e+02 1.579157e+01
5.145407e+02 1.480431e+02 3.475999e+02 3.149839e+02
1.024053e+02 -1.480431e+02 3.033085e+01 -7.596861e+01
4.437265e+02 0.000000e+00 3.876130e+02 5.611352e+01
-3.588292e+01 0.000000e+00 2.926065e+02 -3.284894e+02
1.302905e+02 -1.480431e+02 1.093727e+02 -1.271253e+02
5.424080e+02 1.480431e+02 3.473642e+02 3.430869e+02
1.963865e+02 1.480431e+02 9.280462e+01 2.516250e+02
-2.395394e+02 -1.480431e+02 -2.244644e+02 -1.631181e+02
2.231920e+02 0.000000e+00 1.328177e+02 9.037434e+01
6.119711e+00 0.000000e+00 3.781119e+01 -3.169148e+01
-1.823497e+02 -1.480431e+02 -1.454226e+02 -1.849702e+02
9.496980e+01 1.480431e+02 9.256887e+01 1.504440e+02
2.161756e+02 1.480431e+02 1.314844e+02 2.327342e+02
-1.656567e+02 -1.480431e+02 -1.857847e+02 -1.279151e+02
2.369681e+02 0.000000e+00 1.714975e+02 6.547066e+01
7.378855e+01 0.000000e+00 7.649097e+01 -2.702421e+00
-7.690179e+01 -1.480431e+02 -1.067428e+02 -1.182021e+02
3.597412e+01 1.480431e+02 1.312486e+02 5.276854e+01
-4.045873e+01 1.480431e+02 6.346139e+01 4.412296e+01
-4.305933e+01 -1.480431e+02 -2.538077e+02 6.270527e+01
3.471556e+01 0.000000e+00 1.034745e+02 -6.875889e+01
3.673825e+01 0.000000e+00 8.467957e+00 2.827029e+01
-1.379631e+02 -1.480431e+02 -1.747658e+02 -1.112404e+02
5.278253e+01 1.480431e+02 6.322563e+01 1.376000e+02
2.765584e+02 1.480431e+02 2.577786e+01 3.988237e+02
-5.714525e+02 -1.480431e+02 -2.914912e+02 -4.280044e+02
3.767899e+00 0.000000e+00 6.579093e+01 -6.202303e+01
4.739275e+01 0.000000e+00 -2.921557e+01 7.660831e+01
-2.157798e+02 -1.480431e+02 -2.124493e+02 -1.513735e+02
-7.482782e+01 1.480431e+02 2.554211e+01 4.767315e+01
7.258364e+02 1.480431e+02 1.293235e+02 7.445560e+02
-6.824895e+02 -1.480431e+02 -1.879456e+02 -6.425870e+02
3.159529e+01 0.000000e+00 1.693365e+02 -1.377412e+02
6.682413e+02 0.000000e+00 7.433005e+01 5.939112e+02
-4.010621e+02 -1.480431e+02 -1.089037e+02 -4.402015e+02
1.656334e+02 1.480431e+02 1.290877e+02 1.845888e+02
-1.523642e+02 1.480431e+02 2.883464e+01 -3.315572e+01
9.923490e+01 -1.480431e+02 -2.884344e+02 2.396262e+02
5.197695e+01 0.000000e+00 6.884771e+01 -1.687076e+01
-6.702092e+01 0.000000e+00 -2.615879e+01 -4.086213e+01
-1.709668e+02 -1.480431e+02 -2.093926e+02 -1.096173e+02
1.153443e+02 1.480431e+02 2.859889e+01 2.347885e+02
-4.718125e+02 1.480431e+02 2.281713e+01 -3.465865e+02
-7.004169e+02 -1.480431e+02 -2.944519e+02 -5.540081e+02
-1.871477e+00 0.000000e+00 6.283020e+01 -6.470168e+01
1.404098e+02 0.000000e+00 -3.217630e+01 1.725861e+02
-2.226218e+02 -1.480431e+02 -2.154101e+02 -1.552548e+02
2.045271e+02 1.480431e+02 2.258138e+01 3.299888e+02
