1.095790e+02 1.577704e+02 1.911081e+02 7.624125e+01
-1.457885e+02 -1.577704e+02 -8.528987e+01 -2.182691e+02
-8.402765e+01 -1.577704e+02 -1.008386e+02 -1.409594e+02
4.064532e+02 1.577704e+02 1.982357e+02 3.659879e+02
1.113892e+02 0.000000e+00 6.552547e+01 4.586374e+01
-1.402744e+02 0.000000e+00 -6.550223e+00 -1.337242e+02
3.212908e+02 1.577704e+02 1.345105e+02 3.445507e+02
-8.939761e+01 -1.577704e+02 -1.418875e+02 -1.052805e+02
-5.250240e+01 -1.577704e+02 -1.574363e+02 -5.283655e+01
-3.383801e+00 1.577704e+02 1.416381e+02 1.274850e+01
-6.906480e+00 0.000000e+00 8.927861e+00 -1.583434e+01
-8.562971e+01 0.000000e+00 -6.314784e+01 -2.248187e+01
6.574895e+02 1.577704e+02 1.199301e+02 6.953298e+02
-2.904962e+02 -1.577704e+02 -1.564679e+02 -2.917986e+02
3.078657e+02 -1.577704e+02 -1.720167e+02 3.221120e+02
-1.743098e+02 1.577704e+02 1.270577e+02 -1.435970e+02
1.617828e+02 0.000000e+00 -5.652583e+00 1.674354e+02
-5.508082e+01 0.000000e+00 -7.772828e+01 2.264746e+01
-2.391257e+01 1.577704e+02 5.729419e+01 7.656364e+01
-3.663789e+02 -1.577704e+02 -2.191038e+02 -3.050455e+02
-2.144926e+02 -1.577704e+02 -2.346526e+02 -1.376104e+02
2.524546e+02 1.577704e+02 6.442179e+01 3.458032e+02
-1.795905e+02 0.000000e+00 -6.828846e+01 -1.113020e+02
-1.993923e+02 0.000000e+00 -1.403642e+02 -5.902820e+01
1.449795e+02 1.577704e+02 1.135212e+02 1.892287e+02
-1.177054e+02 -1.577704e+02 -1.628768e+02 -1.125990e+02
-2.691478e+02 -1.577704e+02 -1.784256e+02 -2.484927e+02
1.370760e+02 1.577704e+02 1.206488e+02 1.741976e+02
1.019865e+02 0.000000e+00 -1.206144e+01 1.140480e+02
-1.454814e+02 0.000000e+00 -8.413713e+01 -6.134422e+01
-1.873137e+02 1.577704e+02 1.688554e+02 -1.983987e+02
-1.231543e+02 -1.577704e+02 -1.075425e+02 -1.733821e+02
-1.649789e+02 -1.577704e+02 -1.230913e+02 -1.996580e+02
4.261958e+01 1.577704e+02 1.759830e+02 2.440694e+01
2.269231e+02 0.000000e+00 4.327280e+01 1.836503e+02
5.620532e+00 0.000000e+00 -2.880290e+01 3.442343e+01
5.085709e+02 1.577704e+02 3.223647e+02 3.439766e+02
-3.240794e+02 -1.577704e+02 4.596673e+01 -5.278165e+02
2.278734e+02 -1.577704e+02 3.041796e+01 3.968505e+01
1.838412e+02 1.577704e+02 3.294923e+02 1.211928e+01
-1.091121e+02 0.000000e+00 1.967821e+02 -3.058942e+02
4.512921e+02 0.000000e+00 1.247064e+02 3.265857e+02
1.065242e+02 1.577704e+02 1.434950e+02 1.207996e+02
2.638919e+02 -1.577704e+02 -1.329030e+02 2.390245e+02
-5.198256e+02 -1.577704e+02 -1.484518e+02 -5.291442e+02
3.821378e+02 1.577704e+02 1.506226e+02 3.892857e+02
5.577050e+01 0.000000e+00 1.791232e+01 3.785818e+01
1.019355e+02 0.000000e+00 -5.416338e+01 1.560989e+02
-5.844227e+01 1.577704e+02 1.070973e+02 -7.769162e+00
-9.216397e+01 -1.577704e+02 -1.693007e+02 -8.063367e+01
8.207160e+00 -1.577704e+02 -1.848495e+02 3.528623e+01
1.934798e+02 1.577704e+02 1.142249e+02 2.370253e+02
-2.380387e+02 0.000000e+00 -1.848536e+01 -2.195533e+02
1.290590e+01 0.000000e+00 -9.056105e+01 1.034670e+02
