-4.184012e+02 -1.855078e+02 -1.830058e+02 -4.209032e+02
-6.051520e+02 -1.855078e+02 -4.897485e+02 -3.009113e+02
-2.460151e+01 0.000000e+00 -1.620773e+02 1.374758e+02
-2.846842e+01 0.000000e+00 -8.463812e+01 5.616971e+01
6.551620e+01 1.855078e+02 9.691596e+01 1.541081e+02
8.649020e+01 1.855078e+02 -1.274157e-01 2.721254e+02
4.361222e+02 -1.855078e+02 3.747283e+02 -1.241139e+02
-6.450569e+02 -1.855078e+02 6.798560e+01 -8.985503e+02
8.851497e+02 0.000000e+00 3.956568e+02 4.894929e+02
2.356087e+02 0.000000e+00 4.730960e+02 -2.374873e+02
1.006561e+03 1.855078e+02 6.546501e+02 5.374190e+02
2.550166e+02 1.855078e+02 5.576067e+02 -1.170823e+02
-6.194706e+02 -1.855078e+02 -1.018271e+02 -7.031513e+02
1.175470e+02 -1.855078e+02 -4.085698e+02 3.406090e+02
-5.419364e+01 0.000000e+00 -8.089865e+01 2.670502e+01
1.318792e+02 0.000000e+00 -3.459429e+00 1.353386e+02
-2.723171e+00 1.855078e+02 1.780947e+02 4.689987e+00
5.822288e+01 1.855078e+02 8.105128e+01 1.626794e+02
2.285741e+02 -1.855078e+02 -6.205878e+00 4.927212e+01
-2.290156e+02 -1.855078e+02 -3.129486e+02 -1.015748e+02
-1.908171e+01 0.000000e+00 1.472257e+01 -3.380429e+01
9.835249e+01 0.000000e+00 9.216180e+01 6.190687e+00
1.965607e+02 1.855078e+02 2.737159e+02 1.083526e+02
1.410885e+02 1.855078e+02 1.766725e+02 1.499238e+02
5.160779e+02 -1.855078e+02 -3.339226e+01 3.639623e+02
-4.545458e+02 -1.855078e+02 -3.401350e+02 -2.999186e+02
-1.147534e+02 0.000000e+00 -1.246381e+01 -1.022895e+02
1.129489e-01 0.000000e+00 6.497541e+01 -6.486246e+01
3.362815e+02 1.855078e+02 2.465295e+02 2.752598e+02
1.456032e+02 1.855078e+02 1.494861e+02 1.816249e+02
-1.175378e+02 -1.855078e+02 -5.134622e+01 -2.516994e+02
-7.255675e+02 -1.855078e+02 -3.580889e+02 -5.529864e+02
1.621943e+01 0.000000e+00 -3.041777e+01 4.663720e+01
3.277807e+02 0.000000e+00 4.702145e+01 2.807593e+02
2.254633e+02 1.855078e+02 2.285755e+02 1.823956e+02
1.335752e+01 1.855078e+02 1.315322e+02 6.733317e+01
8.799043e+01 -1.855078e+02 -2.561029e+01 -7.190709e+01
-1.496446e+01 -1.855078e+02 -3.323530e+02 1.318807e+02
6.188380e+01 0.000000e+00 -4.681839e+00 6.656564e+01
-2.355826e+02 0.000000e+00 7.275739e+01 -3.083400e+02
1.891505e+02 1.855078e+02 2.543115e+02 1.203468e+02
2.479236e+02 1.855078e+02 1.572681e+02 2.761633e+02
-2.466383e-01 -1.855078e+02 -1.018831e+02 -8.387136e+01
2.221594e+02 -1.855078e+02 -4.086258e+02 4.452774e+02
-6.346035e+01 0.000000e+00 -8.095464e+01 1.749430e+01
-1.471191e+02 0.000000e+00 -3.515417e+00 -1.436037e+02
-1.609440e+02 1.855078e+02 1.780387e+02 -1.534748e+02
7.660183e+02 1.855078e+02 8.099529e+01 8.705308e+02
-2.858770e+02 -1.855078e+02 1.283841e+02 -5.997690e+02
1.686236e+02 -1.855078e+02 -1.783586e+02 1.614744e+02
-2.510103e+02 0.000000e+00 1.493126e+02 -4.003228e+02
1.663733e+02 0.000000e+00 2.267518e+02 -6.037855e+01
6.125679e+02 1.855078e+02 4.083059e+02 3.897698e+02
2.762148e+02 1.855078e+02 3.112625e+02 1.504600e+02
