-3.630113e+02 -1.565693e+01
-2.603062e+02 -1.046105e+01
5.182942e+02 2.333560e+02
-2.058054e+01 -1.602429e+02
-1.365244e+02 -1.468356e+02
1.168801e+02 1.469778e+02
-7.256214e+02 4.357179e+01
-3.480277e+01 4.876768e+01
3.621205e+02 2.925848e+02
2.115682e+02 -1.010141e+02
-2.051278e+02 -8.760685e+01
4.066356e+02 2.062065e+02
-4.124419e+02 -1.210140e+02
-7.924203e+02 -1.158181e+02
6.059083e+02 1.279990e+02
-3.491550e+02 -2.655999e+02
-9.353356e+01 -2.521926e+02
1.916585e+01 4.162075e+01
-1.526238e+02 -7.425124e+01
-3.447903e+02 -6.905535e+01
2.059547e+02 1.747617e+02
-7.216727e+01 -2.188372e+02
-4.517922e+02 -2.054299e+02
2.926003e+02 8.838350e+01
2.502485e+02 2.633678e+02
-1.545720e+02 2.685637e+02
5.476501e+02 5.123808e+02
-7.232838e+01 1.187819e+02
1.940013e+02 1.321892e+02
5.178374e+02 4.260025e+02
8.652641e+01 -2.159618e+01
8.465625e+02 -1.640030e+01
5.021637e+01 2.274168e+02
-5.804401e+00 -1.661821e+02
-4.900384e+01 -1.527748e+02
-1.194011e+02 1.410386e+02
4.521978e+02 8.652608e+01
-1.592578e+02 9.172196e+01
2.497049e+02 3.355391e+02
1.930852e+02 -5.805986e+01
-1.188824e+01 -4.465257e+01
1.067411e+02 2.491608e+02
2.014906e+02 -1.801363e+02
-6.690246e+02 -1.749404e+02
-1.484168e+02 6.887671e+01
-7.976031e+02 -3.247222e+02
-5.739995e+02 -3.113149e+02
2.656182e+02 -1.750153e+01
2.988495e+02 4.481847e+01
3.973936e+02 5.001435e+01
2.293378e+02 2.938314e+02
-3.681428e+02 -9.976748e+01
-3.131787e+01 -8.636018e+01
1.966016e+02 2.074532e+02
