4.828458e+02 1.834941e+02
-4.184115e+01 -1.850572e+02
-1.070256e+01 7.097174e+01
-3.154663e+01 -1.916017e+02
-9.833950e+01 2.212608e+01
-2.546275e+02 -2.063799e+02
7.971218e+02 4.020776e+02
1.803812e+02 3.352625e+01
1.782089e+02 2.895552e+02
-1.996053e+02 2.698180e+01
2.654620e+02 2.407095e+02
9.319216e+01 1.220350e+01
4.217615e+00 3.662686e+02
4.155981e+02 -2.282769e+00
3.403334e+02 2.537462e+02
-3.537026e+01 -8.827226e+00
3.590965e+02 2.049005e+02
-1.104658e+02 -2.360552e+01
3.107379e+02 2.010566e+02
-4.110956e+02 -1.674947e+02
5.740892e+01 8.853425e+01
-2.285200e+02 -1.740391e+02
6.669492e+01 3.968859e+01
-6.596622e+01 -1.888174e+02
-7.374957e+01 2.725570e+02
-3.448335e+02 -9.599434e+01
1.583549e+02 1.600346e+02
9.670316e+01 -1.025388e+02
2.169890e+02 1.111889e+02
-2.218828e+02 -1.173171e+02
7.300253e+01 2.551712e+02
2.114376e+02 -1.133802e+02
4.172622e+02 1.426488e+02
-2.517820e+02 -1.199246e+02
1.672600e+01 9.380312e+01
-1.461787e+02 -1.347029e+02
5.093858e+02 5.972480e+02
-1.609157e+02 2.286967e+02
4.104523e+02 4.847257e+02
-5.378373e+01 2.221523e+02
6.089097e+02 4.358800e+02
3.298853e+02 2.073740e+02
2.808972e+02 3.122145e+02
-5.163927e+02 -5.633687e+01
1.838190e+02 1.996921e+02
3.798071e+01 -6.288133e+01
2.467542e+02 1.508464e+02
-2.566013e+02 -7.765962e+01
1.481234e+02 2.920353e+02
-1.020917e+02 -7.651604e+01
3.210810e+02 1.795129e+02
-3.477993e+00 -8.306050e+01
-6.968783e+01 1.306672e+02
5.236502e+01 -9.783879e+01
