3.858664e+02 -2.739434e+02
-1.846937e+02 -2.500262e+02
2.587752e+02 2.515793e+02
4.953099e+02 1.228023e+02
-1.649163e+02 6.969987e+01
-1.421641e+02 9.141901e+01
-8.111871e+02 -2.990924e+02
-4.407841e+02 -2.751752e+02
4.642281e+02 2.264303e+02
2.158002e+02 9.765336e+01
-9.208652e+01 4.455088e+01
1.156025e+02 6.627002e+01
-9.474702e+00 -2.291675e+02
2.334239e+01 -2.052504e+02
5.327837e+02 2.963551e+02
1.453881e+02 1.675782e+02
7.338977e+01 1.144757e+02
6.897315e+01 1.361948e+02
-5.100660e+01 -3.545130e+02
-3.509529e+02 -3.305958e+02
2.783460e+02 1.710097e+02
5.724801e+01 4.223275e+01
-2.151113e+02 -1.086972e+01
1.949105e+01 1.084941e+01
-2.345413e+02 -3.318958e+02
-3.721887e+02 -3.079786e+02
8.363866e+01 1.936268e+02
-1.561129e+01 6.484993e+01
1.357824e+02 1.174745e+01
5.687240e+01 3.346659e+01
-6.097833e+02 -1.922522e+02
1.216828e+03 -1.683350e+02
2.599972e+02 3.332705e+02
-2.464251e+01 2.044935e+02
2.681164e+02 1.513911e+02
3.190156e+02 1.731102e+02
1.675808e+02 -1.783042e+02
-8.458627e+02 -1.543870e+02
1.275502e+02 3.472184e+02
3.198989e+02 2.184415e+02
1.379618e+02 1.653391e+02
3.391485e+02 1.870582e+02
-5.216086e+02 -3.718451e+02
5.281528e+00 -3.479279e+02
-4.318398e+01 1.536775e+02
-3.933048e+02 2.490062e+01
1.825064e+02 -2.820186e+01
2.430874e+02 -6.482723e+00
-4.135972e+02 2.562508e+01
3.288236e+00 4.954225e+01
8.559518e+02 5.511477e+02
5.556302e+02 4.223708e+02
2.683598e+02 3.692683e+02
3.480090e+02 3.909875e+02
