-8.193553e+01 -1.213168e+02 1.745018e+02 -3.777542e+02
6.599663e+02 1.213168e+02 6.133579e+02 1.679252e+02
3.080295e+02 -1.213168e+02 3.500638e+02 -1.633511e+02
7.306291e+02 1.213168e+02 5.773593e+02 2.745866e+02
3.519639e+02 -1.213168e+02 3.973987e+02 -1.667517e+02
4.712093e+02 1.213168e+02 4.591479e+02 1.333781e+02
-7.910397e+01 -1.213168e+02 2.995066e+01 -2.303714e+02
5.434046e+02 1.213168e+02 4.688068e+02 1.959146e+02
2.237538e+02 -1.213168e+02 2.055126e+02 -1.030756e+02
1.494346e+02 1.213168e+02 4.328081e+02 -1.620567e+02
7.172299e+02 -1.213168e+02 2.528475e+02 3.430655e+02
1.619901e+02 1.213168e+02 3.145967e+02 -3.128981e+01
4.088398e+02 -1.213168e+02 -2.195537e+02 5.070768e+02
-5.914001e+01 1.213168e+02 2.193024e+02 -1.571256e+02
-1.805917e+02 -1.213168e+02 -4.399180e+01 -2.579167e+02
1.992198e+02 1.213168e+02 1.833037e+02 1.372329e+02
-8.394992e+01 -1.213168e+02 3.343151e+00 -2.086099e+02
4.510062e+01 1.213168e+02 6.509236e+01 1.013251e+02
-1.147004e+02 -1.213168e+02 -3.177581e+02 8.174082e+01
2.656134e+02 1.213168e+02 1.210980e+02 2.658322e+02
-1.314986e+02 -1.213168e+02 -1.421961e+02 -1.106193e+02
7.000088e+01 1.213168e+02 8.509938e+01 1.062183e+02
-2.407088e+02 -1.213168e+02 -9.486119e+01 -2.671644e+02
-4.428453e+01 1.213168e+02 -3.311198e+01 1.101443e+02
-2.052892e+02 -1.213168e+02 -1.176705e+02 -2.089355e+02
1.953420e+02 1.213168e+02 3.211856e+02 -4.526731e+00
1.262564e+02 -1.213168e+02 5.789141e+01 -5.295185e+01
4.263605e+02 1.213168e+02 2.851869e+02 2.624904e+02
-5.191795e+01 -1.213168e+02 1.052264e+02 -2.784611e+02
1.730913e+02 1.213168e+02 1.669756e+02 1.274325e+02
2.482998e+02 -1.213168e+02 -1.812741e+02 3.082571e+02
5.504503e+02 1.213168e+02 2.575820e+02 4.141851e+02
-4.349240e+00 -1.213168e+02 -5.712172e+00 -1.199539e+02
-1.366709e+01 1.213168e+02 2.215833e+02 -1.139336e+02
1.572059e+02 -1.213168e+02 4.162278e+01 -5.733677e+00
-1.434555e+02 1.213168e+02 1.033720e+02 -1.255107e+02
-1.140013e+02 -1.213168e+02 -3.504749e+02 1.151568e+02
2.274583e+02 1.213168e+02 8.838117e+01 2.603939e+02
-3.838644e+02 -1.213168e+02 -1.749130e+02 -3.302682e+02
-9.519280e+02 1.213168e+02 5.238251e+01 -8.829937e+02
3.345168e+02 -1.213168e+02 -1.275781e+02 3.407780e+02
9.304511e+00 1.213168e+02 -6.582885e+01 1.964502e+02
-2.915844e+02 -1.213168e+02 -1.206397e+02 -2.922615e+02
7.827258e+02 1.213168e+02 3.182164e+02 5.858262e+02
-6.193029e+01 -1.213168e+02 5.492223e+01 -2.381693e+02
2.892019e+01 1.213168e+02 2.822177e+02 -1.319808e+02
1.988504e+02 -1.213168e+02 1.022572e+02 -2.472361e+01
5.400677e+02 1.213168e+02 1.640064e+02 4.973781e+02
-1.051379e+03 -1.213168e+02 -1.662967e+02 -1.006399e+03
-1.424041e+02 1.213168e+02 2.725594e+02 -2.936467e+02
1.623436e+02 -1.213168e+02 9.265192e+00 3.176163e+01
3.229886e+02 1.213168e+02 2.365607e+02 2.077447e+02
1.443357e+02 -1.213168e+02 5.660014e+01 -3.358125e+01
1.852259e+02 1.213168e+02 1.183493e+02 1.881934e+02
