-6.869794e+01 -9.365597e+01 5.440864e+00 -1.677948e+02
-1.073207e+02 -9.365597e+01 1.057588e+01 -2.115526e+02
3.010002e+02 9.365597e+01 2.361500e+02 1.585062e+02
2.120965e+02 9.365597e+01 1.482698e+02 1.574827e+02
1.741620e+02 0.000000e+00 1.114449e+02 6.271707e+01
-4.759356e+00 0.000000e+00 7.944202e+01 -8.420138e+01
-2.034131e+02 -9.365597e+01 -8.982193e+01 -2.072471e+02
-1.343132e+02 -9.365597e+01 -8.468692e+01 -1.432822e+02
1.494074e+02 9.365597e+01 1.408872e+02 1.021762e+02
3.237194e+01 9.365597e+01 5.300698e+01 7.302093e+01
9.212343e-01 0.000000e+00 1.618212e+01 -1.526089e+01
2.322729e+02 0.000000e+00 -1.582077e+01 2.480937e+02
6.650155e+01 -9.365597e+01 -5.731551e+01 3.016109e+01
9.391453e+00 -9.365597e+01 -5.218050e+01 -3.208402e+01
1.853676e+02 9.365597e+01 1.733936e+02 1.056300e+02
1.409920e+02 9.365597e+01 8.551340e+01 1.491346e+02
-2.951007e+01 0.000000e+00 4.868854e+01 -7.819861e+01
-2.640982e+01 0.000000e+00 1.668565e+01 -4.309547e+01
-1.480679e+01 -9.365597e+01 -7.925977e+01 -2.920299e+01
-3.013776e+02 -9.365597e+01 -7.412475e+01 -3.209088e+02
3.008266e+02 9.365597e+01 1.514493e+02 2.430332e+02
1.060284e+02 9.365597e+01 6.356914e+01 1.361152e+02
-1.296839e+01 0.000000e+00 2.674428e+01 -3.971268e+01
-5.503218e+01 0.000000e+00 -5.258611e+00 -4.977357e+01
-6.770814e+01 -9.365597e+01 -1.096834e+02 -5.168074e+01
-1.608101e+02 -9.365597e+01 -1.045484e+02 -1.499177e+02
6.678545e+01 9.365597e+01 1.210257e+02 3.941567e+01
3.356746e+01 9.365597e+01 3.314555e+01 9.407788e+01
-4.338854e+01 0.000000e+00 -3.679313e+00 -3.970923e+01
4.405371e+01 0.000000e+00 -3.568221e+01 7.973592e+01
-1.776791e+02 -9.365597e+01 -1.150683e+02 -1.562668e+02
-3.414040e+01 -9.365597e+01 -1.099332e+02 -1.786312e+01
1.484697e+02 9.365597e+01 1.156408e+02 1.264848e+02
-6.155917e+01 9.365597e+01 2.776065e+01 4.336147e+00
-4.092650e+00 0.000000e+00 -9.064209e+00 4.971558e+00
5.521438e+01 0.000000e+00 -4.106710e+01 9.628148e+01
-1.763367e+02 -9.365597e+01 -1.201840e+02 -1.498087e+02
2.301294e+02 -9.365597e+01 -1.150490e+02 2.515225e+02
-6.087575e+01 9.365597e+01 1.105251e+02 -7.774487e+01
-7.438210e+01 9.365597e+01 2.264489e+01 -3.371019e+00
1.670033e+02 0.000000e+00 -1.417997e+01 1.811832e+02
-8.687460e+01 0.000000e+00 -4.618286e+01 -4.069174e+01
-1.169326e+02 -9.365597e+01 -1.623166e+02 -4.827192e+01
-1.741508e+02 -9.365597e+01 -1.571816e+02 -1.106251e+02
-2.892755e+01 9.365597e+01 6.839246e+01 -3.664045e+00
1.224702e+01 9.365597e+01 -1.948774e+01 1.253907e+02
2.181412e+01 0.000000e+00 -5.631259e+01 7.812672e+01
-2.200081e+02 0.000000e+00 -8.831549e+01 -1.316926e+02
-2.060852e+02 -9.365597e+01 -7.964602e+01 -2.200952e+02
1.649774e+02 -9.365597e+01 -7.451101e+01 1.458324e+02
1.662573e+02 9.365597e+01 1.510631e+02 1.088502e+02
-1.722654e+01 9.365597e+01 6.318289e+01 1.324654e+01
3.806900e+01 0.000000e+00 2.635803e+01 1.171097e+01
-6.148356e+01 0.000000e+00 -5.644863e+00 -5.583870e+01
