5.235868e+02 4.092355e+02
-3.617985e+02 -6.441331e+01
7.606055e+01 1.307128e+02
8.269326e+00 5.134804e+01
1.868223e+02 1.566045e+02
1.745358e+02 -1.978330e+01
6.381133e+02 5.072691e+02
1.646484e+02 3.362035e+01
-5.552624e+00 2.287464e+02
3.164222e+02 1.493817e+02
2.012014e+02 2.546382e+02
1.660074e+02 7.825036e+01
1.838150e+02 2.552935e+02
-2.945819e+01 -2.183553e+02
-2.044971e+02 -2.322925e+01
-7.713351e+01 -1.025940e+02
9.451347e+01 2.662491e+00
-2.252991e+02 -1.737253e+02
1.001884e+03 2.408492e+02
-3.835627e+02 -2.327996e+02
-1.897211e+00 -3.767355e+01
-1.484384e+02 -1.170383e+02
-5.516983e+01 -1.178180e+01
-3.278701e+02 -1.881696e+02
-4.840335e+01 3.856122e+02
9.821708e+00 -8.803662e+01
2.689557e+02 1.070895e+02
-7.063518e+01 2.772472e+01
3.034654e+02 1.329812e+02
-1.141934e+02 -4.340661e+01
3.623378e+02 3.727187e+02
-2.996033e+02 -1.009301e+02
5.199029e+01 9.419598e+01
1.670126e+02 1.483124e+01
4.899591e+01 1.200877e+02
-4.298256e+01 -5.630010e+01
-9.730673e+01 8.025290e+01
-7.170334e+02 -3.933959e+02
-1.197487e+02 -1.982698e+02
-4.534077e+02 -2.776346e+02
-2.563739e+02 -1.723781e+02
-9.200277e+01 -3.487659e+02
5.630308e+02 3.828856e+01
-7.670283e+02 -4.353602e+02
-5.899738e+01 -2.402341e+02
-3.154560e+02 -3.195989e+02
-4.551898e+02 -2.143424e+02
-3.265123e+02 -3.907302e+02
2.985865e+02 2.603792e+02
-9.573975e+01 -2.132696e+02
1.302678e+01 -1.814354e+01
-2.507354e+02 -9.750828e+01
7.980878e+01 7.748207e+00
-2.743115e+02 -1.686396e+02
