-8.430334e+01 -7.317939e+01 -1.338893e+02 -2.359339e+01
-1.438816e+02 -7.317939e+01 -5.553164e+01 -1.615294e+02
-1.545048e+02 0.000000e+00 -1.837923e+02 2.928755e+01
-9.425684e+01 0.000000e+00 -8.593093e+01 -8.325907e+00
-9.145164e+01 7.317939e+01 5.421169e+00 -2.369342e+01
6.106006e+01 7.317939e+01 -1.545512e+01 1.496946e+02
-2.041799e+02 -7.317939e+01 -7.685954e+01 -2.004998e+02
-2.080832e+01 -7.317939e+01 1.498161e+00 -9.548587e+01
-1.534158e+02 0.000000e+00 -1.267625e+02 -2.665331e+01
-8.829430e+01 0.000000e+00 -2.890113e+01 -5.939318e+01
1.031975e+02 7.317939e+01 6.245097e+01 1.139260e+02
1.412617e+02 7.317939e+01 4.157468e+01 1.728664e+02
-2.932566e+01 -7.317939e+01 -8.369213e+01 -1.881291e+01
-6.416627e+01 -7.317939e+01 -5.334433e+00 -1.320112e+02
-1.562267e+02 0.000000e+00 -1.335951e+02 -2.263159e+01
-1.844090e+01 0.000000e+00 -3.573372e+01 1.729282e+01
7.044376e+01 7.317939e+01 5.561838e+01 8.800478e+01
3.336319e+01 7.317939e+01 3.474209e+01 7.180049e+01
3.172869e+02 -7.317939e+01 -7.944601e+00 2.520521e+02
-2.688587e+01 -7.317939e+01 7.041310e+01 -1.704784e+02
-1.714484e+02 0.000000e+00 -5.784759e+01 -1.136008e+02
1.545876e+02 0.000000e+00 4.001381e+01 1.145738e+02
3.464354e+01 7.317939e+01 1.313659e+02 -2.354298e+01
2.176856e+02 7.317939e+01 1.104896e+02 1.803753e+02
5.484175e+01 -7.317939e+01 -8.418843e+01 6.585079e+01
3.063287e+02 -7.317939e+01 -5.830727e+00 2.389800e+02
-6.076681e+01 0.000000e+00 -1.340914e+02 7.332461e+01
-1.104702e+02 0.000000e+00 -3.623001e+01 -7.424016e+01
2.068295e+01 7.317939e+01 5.512208e+01 3.874026e+01
3.375061e+01 7.317939e+01 3.424579e+01 7.268420e+01
-3.394870e+02 -7.317939e+01 -2.154269e+01 -3.911237e+02
1.538186e+02 -7.317939e+01 5.681501e+01 2.382420e+01
5.923318e+01 0.000000e+00 -7.144568e+01 1.306789e+02
-1.592111e+01 0.000000e+00 2.641572e+01 -4.233684e+01
1.145723e+02 7.317939e+01 1.177678e+02 6.998392e+01
2.952504e+02 7.317939e+01 9.689153e+01 2.715383e+02
-1.806669e+02 -7.317939e+01 -8.356826e+01 -1.702781e+02
-1.864232e+01 -7.317939e+01 -5.210556e+00 -8.661115e+01
-4.348952e+01 0.000000e+00 -1.334712e+02 8.998172e+01
1.118652e+02 0.000000e+00 -3.560984e+01 1.474750e+02
2.730584e+01 7.317939e+01 5.574225e+01 4.474297e+01
-3.394678e-02 7.317939e+01 3.486596e+01 3.827948e+01
-1.463533e+02 -7.317939e+01 -1.665845e+02 -5.294820e+01
-1.049934e+02 -7.317939e+01 -8.822678e+01 -8.994602e+01
-3.185194e+02 0.000000e+00 -2.164875e+02 -1.020320e+02
8.385803e+02 0.000000e+00 -1.186261e+02 9.572064e+02
7.289209e+00 7.317939e+01 -2.727397e+01 1.077426e+02
-2.102252e+02 7.317939e+01 -4.815026e+01 -8.889553e+01
-9.862594e+01 -7.317939e+01 5.764649e+01 -2.294518e+02
2.322122e+02 -7.317939e+01 1.360042e+02 2.302862e+01
1.192323e+02 0.000000e+00 7.743505e+00 1.114888e+02
9.407066e+01 0.000000e+00 1.056049e+02 -1.153424e+01
3.061350e+02 7.317939e+01 1.969570e+02 1.823574e+02
3.257475e+01 7.317939e+01 1.760807e+02 -7.032657e+01
