-1.026971e+02 1.449820e+02
-6.816022e+02 -3.215130e+02
-2.875101e+02 -1.138004e+02
-5.236397e+01 -3.914042e+01
3.593457e+00 -7.399014e+01
2.585522e+02 -7.163275e+01
3.864920e+02 2.396215e+02
-3.097148e+02 -2.268735e+02
-6.672655e+01 -1.916094e+01
-4.972936e-01 5.549908e+01
4.228618e+01 2.064936e+01
3.937669e+01 2.300675e+01
4.240245e+02 2.623994e+02
-6.335552e+01 -2.040956e+02
6.699288e+01 3.616977e+00
-1.031769e+02 7.827700e+01
7.816643e+01 4.342727e+01
-1.053373e+01 4.578466e+01
-1.126353e+02 2.602699e+02
-1.287806e+02 -2.062251e+02
-8.555454e+00 1.487483e+00
2.176017e+02 7.614750e+01
-9.853771e+01 4.129778e+01
1.225642e+02 4.365517e+01
1.721868e+02 2.724852e+02
-9.891912e+00 -1.940098e+02
-3.382626e+01 1.370279e+01
1.511195e+02 8.836281e+01
1.882256e+01 5.351309e+01
9.580374e+01 5.587048e+01
-1.826338e+00 3.524638e+02
-1.552988e+02 -1.140311e+02
3.576000e+02 9.368144e+01
1.666061e+02 1.683415e+02
1.293541e+02 1.334917e+02
5.611087e+01 1.358491e+02
5.973407e+02 3.297667e+02
-8.993585e+02 -1.367283e+02
2.725664e+02 7.098427e+01
-1.223251e+02 1.456443e+02
2.592270e+02 1.107946e+02
-1.797052e+01 1.131520e+02
2.684797e+02 -4.454447e+01
-7.783804e+02 -5.110394e+02
-2.409035e+02 -3.033269e+02
-6.150129e+02 -2.286668e+02
-1.916617e+02 -2.635166e+02
-1.936049e+02 -2.611592e+02
4.090274e+02 2.732389e+02
-1.941080e+02 -1.932561e+02
-3.171338e+02 1.445647e+01
3.195144e+02 8.911648e+01
5.585826e+01 5.426676e+01
-9.919341e+01 5.662415e+01
