5.004293e+02 1.120453e+02 1.262118e+02 4.862629e+02
-3.184694e+02 -1.120453e+02 -1.054180e+02 -3.250967e+02
-3.846938e+02 -1.120453e+02 -1.492694e+02 -3.474698e+02
3.117402e+02 1.120453e+02 5.025713e+01 3.735284e+02
-4.270588e+02 0.000000e+00 1.257201e+01 -4.396308e+02
9.105477e+01 0.000000e+00 -2.901715e+01 1.200719e+02
3.675533e+02 1.120453e+02 1.592413e+02 3.203573e+02
-9.015231e+00 -1.120453e+02 -7.238844e+01 -4.867213e+01
-1.434965e+02 -1.120453e+02 -1.162399e+02 -1.393020e+02
-1.802613e+01 1.120453e+02 8.328668e+01 1.073253e+01
5.054203e+01 0.000000e+00 4.560156e+01 4.940475e+00
-2.101839e+01 0.000000e+00 4.012402e+00 -2.503079e+01
2.470160e+02 1.120453e+02 2.347841e+02 1.242773e+02
3.500868e+02 -1.120453e+02 3.154354e+00 2.348871e+02
-1.736695e+02 -1.120453e+02 -4.069709e+01 -2.450178e+02
9.661586e+00 1.120453e+02 1.588295e+02 -3.712254e+01
2.623128e+02 0.000000e+00 1.211444e+02 1.411685e+02
3.982830e+01 0.000000e+00 7.955519e+01 -3.972689e+01
5.517364e+02 1.120453e+02 4.315283e+02 2.322534e+02
-7.912689e+01 -1.120453e+02 1.998986e+02 -3.910708e+02
4.237594e+01 -1.120453e+02 1.560471e+02 -2.257165e+02
4.381092e+02 1.120453e+02 3.555737e+02 1.945809e+02
3.704050e+02 0.000000e+00 3.178886e+02 5.251641e+01
3.981707e+02 0.000000e+00 2.762994e+02 1.218713e+02
-1.048862e+01 1.120453e+02 1.667035e+02 -6.514673e+01
4.766664e+01 -1.120453e+02 -6.492632e+01 5.476170e-01
-9.742772e+01 -1.120453e+02 -1.087778e+02 -1.006953e+02
1.090612e+02 1.120453e+02 9.074880e+01 1.303578e+02
4.808007e+01 0.000000e+00 5.306368e+01 -4.983606e+00
3.322805e+01 0.000000e+00 1.147452e+01 2.175353e+01
-3.427896e+01 1.120453e+02 2.666047e+02 -1.888383e+02
2.225513e+00 -1.120453e+02 3.497493e+01 -1.447948e+02
1.684415e+02 -1.120453e+02 -8.876513e+00 6.527262e+01
1.694078e+02 1.120453e+02 1.906500e+02 9.080311e+01
1.639157e+02 0.000000e+00 1.529649e+02 1.095079e+01
1.169820e+02 0.000000e+00 1.113758e+02 5.606243e+00
4.842738e+01 1.120453e+02 6.375467e+01 9.671805e+01
-5.929626e+02 -1.120453e+02 -1.678751e+02 -5.371329e+02
-1.568337e+02 -1.120453e+02 -2.117265e+02 -5.715251e+01
1.919920e+02 1.120453e+02 -1.219998e+01 3.162374e+02
-4.489793e+00 0.000000e+00 -4.988510e+01 4.539530e+01
-1.815844e+02 0.000000e+00 -9.147425e+01 -9.011014e+01
3.237930e+02 1.120453e+02 2.994212e+02 1.364171e+02
-4.307367e+02 -1.120453e+02 6.779143e+01 -6.105735e+02
9.578213e+01 -1.120453e+02 2.393999e+01 -4.020320e+01
3.273705e+02 1.120453e+02 2.234665e+02 2.159493e+02
1.612480e+02 0.000000e+00 1.857814e+02 -2.453347e+01
7.080128e+01 0.000000e+00 1.441923e+02 -7.339099e+01
4.258569e+02 1.120453e+02 2.691461e+02 2.687562e+02
1.783789e+02 -1.120453e+02 3.751635e+01 2.881717e+01
3.212017e+01 -1.120453e+02 -6.335100e+00 -7.359007e+01
1.554499e+02 1.120453e+02 1.931915e+02 7.430377e+01
7.276788e+01 0.000000e+00 1.555063e+02 -8.273847e+01
4.914896e+01 0.000000e+00 1.139172e+02 -6.476823e+01
