8.186709e+02 1.224627e+02 6.668874e+01 8.744449e+02
-3.923584e+02 -1.224627e+02 -2.621064e+02 -2.527146e+02
-3.396536e+02 0.000000e+00 -3.268759e+01 -3.069660e+02
-1.640095e+02 0.000000e+00 -1.329476e+02 -3.106192e+01
-1.580261e+02 -1.224627e+02 -7.938096e+01 -2.011079e+02
1.377612e+02 1.224627e+02 7.347955e+01 1.867443e+02
-3.002875e+00 1.224627e+02 8.234793e+01 3.711190e+01
-3.446838e+02 -1.224627e+02 -2.464473e+02 -2.206992e+02
-5.787128e+00 0.000000e+00 -1.702840e+01 1.124127e+01
-2.824564e+02 0.000000e+00 -1.172884e+02 -1.651680e+02
2.676294e+01 -1.224627e+02 -6.372178e+01 -3.197800e+01
5.208488e+00 1.224627e+02 8.913874e+01 3.853246e+01
1.243518e+02 1.224627e+02 1.489030e+02 9.791153e+01
-2.699980e+02 -1.224627e+02 -1.798922e+02 -2.125685e+02
3.156226e+01 0.000000e+00 4.952665e+01 -1.796439e+01
2.042410e+00 0.000000e+00 -5.073338e+01 5.277579e+01
-1.826457e+01 -1.224627e+02 2.833279e+00 -1.435606e+02
1.854561e+02 1.224627e+02 1.556938e+02 1.522250e+02
1.936305e+02 1.224627e+02 2.385705e+02 7.752272e+01
-1.360495e+02 -1.224627e+02 -9.022474e+01 -1.682875e+02
8.569699e+01 0.000000e+00 1.391941e+02 -5.349713e+01
6.988242e+01 0.000000e+00 3.893409e+01 3.094833e+01
4.516956e+01 -1.224627e+02 9.250075e+01 -1.697939e+02
3.695406e+02 1.224627e+02 2.453613e+02 2.466420e+02
2.227911e+02 1.224627e+02 1.184372e+02 2.268166e+02
3.040519e+02 -1.224627e+02 -2.103580e+02 3.919472e+02
-4.526021e+01 0.000000e+00 1.906088e+01 -6.432108e+01
-1.132946e+02 0.000000e+00 -8.119915e+01 -3.209543e+01
-3.375308e+01 -1.224627e+02 -2.763250e+01 -1.285833e+02
1.072777e+02 1.224627e+02 1.252280e+02 1.045124e+02
8.106342e+01 1.224627e+02 1.954607e+02 8.065473e+00
-6.376007e+01 -1.224627e+02 -1.333345e+02 -5.288824e+01
2.839886e+02 0.000000e+00 9.608432e+01 1.879042e+02
3.600123e+01 0.000000e+00 -4.175710e+00 4.017694e+01
-3.620577e+01 -1.224627e+02 4.939095e+01 -2.080594e+02
1.154017e+02 1.224627e+02 2.022515e+02 3.561292e+01
-4.088946e+02 1.224627e+02 1.493054e+02 -4.357373e+02
-6.152451e+02 -1.224627e+02 -1.794898e+02 -5.582180e+02
5.405958e+02 0.000000e+00 4.992910e+01 4.906667e+02
6.026641e+01 0.000000e+00 -5.033093e+01 1.105973e+02
3.470523e+01 -1.224627e+02 3.235725e+00 -9.099320e+01
-1.593748e+01 1.224627e+02 1.560962e+02 -4.957101e+01
-5.574153e+02 1.224627e+02 2.502847e+01 -4.599810e+02
3.312570e+02 -1.224627e+02 -3.037667e+02 5.125610e+02
3.253343e+01 0.000000e+00 -7.434786e+01 1.068813e+02
7.631442e+01 0.000000e+00 -1.746079e+02 2.509223e+02
-1.878385e+02 -1.224627e+02 -1.210412e+02 -1.892600e+02
-1.935009e+02 1.224627e+02 3.181927e+01 -1.028575e+02
-5.618471e+01 1.224627e+02 3.098236e+01 3.529564e+01
-2.858766e+02 -1.224627e+02 -2.978128e+02 -1.105265e+02
-6.587168e+01 0.000000e+00 -6.839397e+01 2.522292e+00
-2.169892e+02 0.000000e+00 -1.686540e+02 -4.833521e+01
-3.975867e+01 -1.224627e+02 -1.150873e+02 -4.713403e+01
2.190929e+01 1.224627e+02 3.777316e+01 1.065988e+02
