-1.264349e+02 -5.588793e+01 -7.998485e+01 -1.023380e+02
1.157865e+01 5.588793e+01 1.014714e+02 -3.400478e+01
6.647383e+00 -5.588793e+01 -3.298926e+01 -1.625128e+01
1.080158e+02 5.588793e+01 6.176304e+01 1.021407e+02
-1.505719e+02 -5.588793e+01 -3.253487e+01 -1.739249e+02
1.213240e+02 5.588793e+01 2.658419e+01 1.506278e+02
-6.898468e+01 -5.588793e+01 -9.068950e+01 -3.418311e+01
1.654560e+02 5.588793e+01 9.076671e+01 1.305772e+02
-3.555695e+01 -5.588793e+01 -4.369391e+01 -4.775096e+01
-4.943882e+01 5.588793e+01 5.105839e+01 -4.460928e+01
-1.238088e+00 -5.588793e+01 -4.323952e+01 -1.388650e+01
-2.013198e+01 5.588793e+01 1.587955e+01 1.987640e+01
-1.830746e+02 -5.588793e+01 -1.202189e+02 -1.187436e+02
1.596096e+02 5.588793e+01 6.123729e+01 1.542603e+02
-1.940403e+02 -5.588793e+01 -7.322333e+01 -1.767049e+02
-1.636348e+01 5.588793e+01 2.152897e+01 1.799547e+01
2.036122e+01 -5.588793e+01 -7.276893e+01 3.724222e+01
-1.346182e+01 5.588793e+01 -1.364987e+01 5.607597e+01
1.597632e+01 -5.588793e+01 -8.751411e+01 4.760250e+01
-1.358792e+01 5.588793e+01 9.394209e+01 -5.164208e+01
-5.854708e+01 -5.588793e+01 -4.051852e+01 -7.391648e+01
5.231084e+01 5.588793e+01 5.423378e+01 5.396500e+01
-5.478885e+01 -5.588793e+01 -4.006413e+01 -7.061265e+01
1.117890e+02 5.588793e+01 1.905494e+01 1.486220e+02
-9.127158e+01 -5.588793e+01 -7.239842e+01 -7.476109e+01
-9.564902e-01 5.588793e+01 1.090578e+02 -5.412634e+01
1.784268e+01 -5.588793e+01 -2.540284e+01 -1.264241e+01
8.627927e+01 5.588793e+01 6.934946e+01 7.281774e+01
-6.972229e+01 -5.588793e+01 -2.494844e+01 -1.006618e+02
3.762279e+01 5.588793e+01 3.417062e+01 5.934010e+01
-1.216724e+02 -5.588793e+01 -6.143461e+01 -1.161257e+02
3.930468e+02 5.588793e+01 1.200216e+02 3.289131e+02
1.161008e+02 -5.588793e+01 -1.443902e+01 7.465192e+01
8.898409e+01 5.588793e+01 8.031328e+01 6.455874e+01
-3.425449e+01 -5.588793e+01 -1.398463e+01 -7.615779e+01
-1.238943e+02 5.588793e+01 4.513444e+01 -1.131408e+02
-1.024124e+02 -5.588793e+01 -9.757175e+01 -6.072860e+01
2.100088e+01 5.588793e+01 8.388446e+01 -6.995649e+00
-1.500789e+02 -5.588793e+01 -5.057616e+01 -1.553907e+02
-2.008719e+01 5.588793e+01 4.417614e+01 -8.375401e+00
3.724949e+01 -5.588793e+01 -5.012177e+01 3.148333e+01
2.240428e+01 5.588793e+01 8.997296e+00 6.929491e+01
7.697679e+01 -5.588793e+01 -8.714619e+01 1.082351e+02
8.456451e+01 5.588793e+01 9.431001e+01 4.614242e+01
-1.154728e+02 -5.588793e+01 -4.015061e+01 -1.312102e+02
-1.591877e+01 5.588793e+01 5.460169e+01 -1.463254e+01
5.481160e+01 -5.588793e+01 -3.969621e+01 3.861988e+01
-1.943565e+02 5.588793e+01 1.942285e+01 -1.578914e+02
-7.152080e+00 -5.588793e+01 -4.874079e+01 -1.429922e+01
1.583256e+02 5.588793e+01 1.327154e+02 8.149815e+01
6.254850e+00 -5.588793e+01 -1.745200e+00 -4.788788e+01
1.884500e+02 5.588793e+01 9.300710e+01 1.513308e+02
-1.139393e+02 -5.588793e+01 -1.290806e+00 -1.685365e+02
3.180880e+01 5.588793e+01 5.782826e+01 2.986847e+01
