-5.446197e+01 1.210030e+02 6.884992e+01 -2.308910e+00
-1.755992e+02 -1.210030e+02 -8.929204e+01 -2.073101e+02
-1.369788e+02 -1.210030e+02 -2.258067e+02 -3.217507e+01
9.332592e+01 1.210030e+02 4.946737e+01 1.648615e+02
1.220557e+02 0.000000e+00 3.600822e+01 8.604746e+01
-1.010399e+02 0.000000e+00 1.868045e+01 -1.197203e+02
1.990830e+02 1.210030e+02 2.200954e+02 9.999052e+01
2.387329e+02 -1.210030e+02 6.195346e+01 5.577643e+01
-1.044782e+02 -1.210030e+02 -7.456121e+01 -1.509200e+02
1.604997e+02 1.210030e+02 2.007129e+02 8.078979e+01
2.179192e+02 0.000000e+00 1.872537e+02 3.066552e+01
1.326053e+02 0.000000e+00 1.699260e+02 -3.732061e+01
-7.674859e+01 1.210030e+02 1.738351e+02 -1.295807e+02
1.657560e+02 -1.210030e+02 1.569315e+01 2.905986e+01
-2.399691e+01 -1.210030e+02 -1.208215e+02 -2.417837e+01
9.775551e+01 1.210030e+02 1.544526e+02 6.430593e+01
1.680727e+02 0.000000e+00 1.409934e+02 2.707932e+01
1.075470e+02 0.000000e+00 1.236656e+02 -1.611866e+01
9.401124e+01 1.210030e+02 2.329058e+01 1.917236e+02
-1.441525e+02 -1.210030e+02 -1.348514e+02 -1.303041e+02
8.920587e+00 -1.210030e+02 -2.713661e+02 1.592837e+02
-8.679020e+01 1.210030e+02 3.908031e+00 3.030475e+01
-1.146416e+02 0.000000e+00 -9.551121e+00 -1.050905e+02
-1.050615e+02 0.000000e+00 -2.687889e+01 -7.818265e+01
2.336059e+02 1.210030e+02 1.089393e+02 2.456695e+02
-4.535764e+01 -1.210030e+02 -4.920261e+01 -1.171580e+02
-2.240696e+02 -1.210030e+02 -1.857173e+02 -1.593553e+02
1.809225e+02 1.210030e+02 8.955679e+01 2.123687e+02
-4.767785e+01 0.000000e+00 7.609764e+01 -1.237755e+02
6.961514e+01 0.000000e+00 5.876987e+01 1.084526e+01
1.938073e+02 1.210030e+02 1.004433e+02 2.143670e+02
-6.576965e+02 -1.210030e+02 -5.769863e+01 -7.210009e+02
-3.593892e+02 -1.210030e+02 -1.942133e+02 -2.861789e+02
-1.633754e+02 1.210030e+02 8.106077e+01 -1.234332e+02
3.042095e+02 0.000000e+00 6.760162e+01 2.366079e+02
1.074269e+02 0.000000e+00 5.027386e+01 5.715309e+01
-2.472045e+00 1.210030e+02 5.110981e+00 1.134200e+02
-8.062071e-01 -1.210030e+02 -1.530310e+02 3.122179e+01
-3.981263e+02 -1.210030e+02 -2.895457e+02 -2.295837e+02
-2.259566e+00 1.210030e+02 -1.427157e+01 1.330150e+02
-7.264452e+01 0.000000e+00 -2.773072e+01 -4.491379e+01
-2.518836e+00 0.000000e+00 -4.505849e+01 4.253965e+01
9.662318e+01 1.210030e+02 7.457110e+01 1.430551e+02
2.294087e+02 -1.210030e+02 -8.357086e+01 1.919766e+02
-2.679862e+02 -1.210030e+02 -2.200855e+02 -1.689036e+02
3.652120e+02 1.210030e+02 5.518855e+01 4.310265e+02
-5.922271e+01 0.000000e+00 4.172939e+01 -1.009521e+02
8.484768e+01 0.000000e+00 2.440163e+01 6.044605e+01
-6.301818e+01 1.210030e+02 -2.527916e+01 8.326397e+01
-4.211694e+02 -1.210030e+02 -1.834211e+02 -3.587513e+02
-3.738673e+02 -1.210030e+02 -3.199358e+02 -1.749345e+02
-9.631484e+01 1.210030e+02 -4.466172e+01 6.934986e+01
1.079626e+02 0.000000e+00 -5.812087e+01 1.660835e+02
-4.130053e+01 0.000000e+00 -7.544864e+01 3.414810e+01
