2.692619e+02 -1.598095e+02 -3.323253e+02 4.417777e+02
4.063808e+02 -1.598095e+02 -1.489387e+02 3.955100e+02
1.041549e+02 1.598095e+02 7.221054e+01 1.917538e+02
-6.319473e+01 1.598095e+02 1.169908e+01 8.491570e+01
-2.875805e+02 0.000000e+00 -1.696228e+02 -1.179577e+02
-4.148310e+02 0.000000e+00 -1.401510e+02 -2.746800e+02
-3.797298e+02 -1.598095e+02 -1.108348e+02 -4.287045e+02
3.967005e+02 -1.598095e+02 7.255178e+01 1.643392e+02
-8.604724e+00 1.598095e+02 2.937010e+02 -1.424962e+02
1.324211e+02 1.598095e+02 2.331896e+02 5.904107e+01
2.577813e+02 0.000000e+00 5.186767e+01 2.059136e+02
1.197197e+02 0.000000e+00 8.133948e+01 3.838021e+01
9.782481e+01 -1.598095e+02 -1.709110e+02 1.089264e+02
5.980634e+01 -1.598095e+02 1.247553e+01 -1.124787e+02
4.482744e+02 1.598095e+02 2.336248e+02 3.744591e+02
-8.645992e+01 1.598095e+02 1.731133e+02 -9.976372e+01
-7.918256e+01 0.000000e+00 -8.208582e+00 -7.097398e+01
6.601975e+01 0.000000e+00 2.126322e+01 4.475653e+01
-2.132432e+02 -1.598095e+02 -1.699184e+02 -2.031343e+02
-4.893005e+02 -1.598095e+02 1.346820e+01 -6.625782e+02
3.796313e+02 1.598095e+02 2.346174e+02 3.048233e+02
3.235527e+02 1.598095e+02 1.741060e+02 3.092563e+02
-8.669065e+01 0.000000e+00 -7.215910e+00 -7.947474e+01
2.167662e+01 0.000000e+00 2.225590e+01 -5.792751e-01
-6.330085e+02 -1.598095e+02 -2.723002e+02 -5.205178e+02
-1.652201e+02 -1.598095e+02 -8.891360e+01 -2.361160e+02
1.793674e+02 1.598095e+02 1.322356e+02 2.069413e+02
-6.027265e+01 1.598095e+02 7.172418e+01 2.781267e+01
5.685304e+01 0.000000e+00 -1.095977e+02 1.664508e+02
-1.269519e+02 0.000000e+00 -8.012591e+01 -4.682599e+01
-5.669543e+02 -1.598095e+02 -1.795670e+02 -5.471969e+02
-1.953422e+02 -1.598095e+02 3.819586e+00 -3.589713e+02
3.412598e+02 1.598095e+02 2.249688e+02 2.761005e+02
1.424816e+02 1.598095e+02 1.644574e+02 1.378337e+02
6.720911e+01 0.000000e+00 -1.686453e+01 8.407364e+01
4.850890e+01 0.000000e+00 1.260728e+01 3.590162e+01
-5.685607e+01 -1.598095e+02 -2.287184e+02 1.205287e+01
-3.160234e+02 -1.598095e+02 -4.533186e+01 -4.305011e+02
-9.716169e+01 1.598095e+02 1.758174e+02 -1.131696e+02
3.162616e+02 1.598095e+02 1.153059e+02 3.607652e+02
-1.770418e+02 0.000000e+00 -6.601598e+01 -1.110258e+02
1.454169e+02 0.000000e+00 -3.654417e+01 1.819611e+02
-2.264224e+02 -1.598095e+02 -2.039874e+02 -1.822445e+02
-1.534241e+02 -1.598095e+02 -2.060084e+01 -2.926328e+02
4.912741e+02 1.598095e+02 2.005484e+02 4.505352e+02
2.020081e+02 1.598095e+02 1.400369e+02 2.217806e+02
-1.496424e+02 0.000000e+00 -4.128495e+01 -1.083574e+02
-1.765042e+02 0.000000e+00 -1.181315e+01 -1.646911e+02
-1.023924e+02 -1.598095e+02 -3.445366e+02 8.233473e+01
-1.857243e+02 -1.598095e+02 -1.611500e+02 -1.843838e+02
-2.824159e+02 1.598095e+02 5.999922e+01 -1.826056e+02
1.167106e+02 1.598095e+02 -5.122471e-01 2.770323e+02
-1.985335e+02 0.000000e+00 -1.818341e+02 -1.669932e+01
-7.176699e+01 0.000000e+00 -1.523623e+02 8.059535e+01
