-3.918080e+02 -1.644447e+02 -3.404730e+02 -2.157798e+02
-1.065485e+02 -1.644447e+02 -2.270255e+02 -4.396778e+01
-1.340273e+02 0.000000e+00 -6.180250e+01 -7.222484e+01
1.276460e+02 0.000000e+00 -1.054114e+02 2.330574e+02
-1.062069e+02 1.644447e+02 3.598375e+01 2.225411e+01
1.561210e+02 1.644447e+02 8.999430e+01 2.305714e+02
-3.073983e+02 -1.644447e+02 -2.078164e+02 -2.640266e+02
-2.512371e+02 -1.644447e+02 -9.436898e+01 -3.213128e+02
1.020515e+02 0.000000e+00 7.085401e+01 3.119747e+01
3.415173e+01 0.000000e+00 2.724514e+01 6.906591e+00
1.049570e+02 1.644447e+02 1.686403e+02 1.007615e+02
3.300207e+02 1.644447e+02 2.226508e+02 2.718146e+02
1.587506e+02 -1.644447e+02 -3.050267e+02 2.993326e+02
-3.687692e+02 -1.644447e+02 -1.915792e+02 -3.416347e+02
8.314473e+00 0.000000e+00 -2.635623e+01 3.467070e+01
-3.248467e+02 0.000000e+00 -6.996509e+01 -2.548816e+02
2.824664e+02 1.644447e+02 7.143002e+01 3.754811e+02
-1.869993e+01 1.644447e+02 1.254406e+02 2.030424e+01
-2.542430e+02 -1.644447e+02 -3.389623e+02 -7.972543e+01
-3.800204e+02 -1.644447e+02 -2.255148e+02 -3.189503e+02
-4.547512e+01 0.000000e+00 -6.029185e+01 1.481673e+01
-1.466904e+02 0.000000e+00 -1.039007e+02 -4.278973e+01
2.153044e+02 1.644447e+02 3.749440e+01 3.422547e+02
-8.488960e+01 1.644447e+02 9.150495e+01 -1.194982e+01
-2.801395e+02 -1.644447e+02 -2.826587e+02 -1.619254e+02
2.035589e+00 -1.644447e+02 -1.692113e+02 6.802137e+00
-1.747656e+02 0.000000e+00 -3.988298e+00 -1.707773e+02
-2.135159e+01 0.000000e+00 -4.759716e+01 2.624557e+01
1.410940e+02 1.644447e+02 9.379795e+01 2.117408e+02
1.669548e+02 1.644447e+02 1.478085e+02 1.835910e+02
-8.608180e+02 -1.644447e+02 -2.887706e+02 -7.364921e+02
-6.158179e+01 -1.644447e+02 -1.753231e+02 -5.070341e+01
1.003615e+02 0.000000e+00 -1.010013e+01 1.104617e+02
-9.408310e+01 0.000000e+00 -5.370899e+01 -4.037411e+01
1.987094e+02 1.644447e+02 8.768612e+01 2.754680e+02
1.232362e+02 1.644447e+02 1.416967e+02 1.459843e+02
3.329896e+01 -1.644447e+02 -2.535297e+02 1.223840e+02
-2.737083e+01 -1.644447e+02 -1.400823e+02 -5.173329e+01
-7.884932e+01 0.000000e+00 2.514071e+01 -1.039900e+02
-6.745267e+00 0.000000e+00 -1.846815e+01 1.172288e+01
4.502704e+01 1.644447e+02 1.229270e+02 8.654481e+01
2.361602e+02 1.644447e+02 1.769375e+02 2.236675e+02
1.374947e+02 -1.644447e+02 -2.702237e+02 2.432737e+02
-6.920148e+01 -1.644447e+02 -1.567762e+02 -7.686998e+01
6.599420e+01 0.000000e+00 8.446747e+00 5.754745e+01
-1.299722e+02 0.000000e+00 -3.516212e+01 -9.481011e+01
5.969534e+01 1.644447e+02 1.062330e+02 1.179071e+02
1.249433e+02 1.644447e+02 1.602435e+02 1.291445e+02
-2.874914e+02 -1.644447e+02 -1.443341e+02 -3.076020e+02
-1.050516e+02 -1.644447e+02 -3.088668e+01 -2.386097e+02
3.267237e+02 0.000000e+00 1.343363e+02 1.923874e+02
1.769941e+02 0.000000e+00 9.072744e+01 8.626664e+01
1.553369e+02 1.644447e+02 2.321226e+02 8.765912e+01
2.423846e+02 1.644447e+02 2.861331e+02 1.206963e+02
