-1.688820e+03 -6.245859e+02
9.030037e+02 4.898722e+02
-8.903423e+02 -4.632302e+02
-6.199298e+01 9.063390e+01
2.160410e+02 8.832481e+01
3.840315e+02 1.273527e+02
-4.932432e+02 -5.613320e+02
1.050937e+03 5.531260e+02
-5.766858e+02 -3.999764e+02
4.328307e+02 1.538877e+02
-1.175614e+01 1.515787e+02
7.451839e+01 1.906065e+02
-2.621161e+02 -7.424352e+02
-1.574789e+02 3.720229e+02
4.840310e+01 -5.810795e+02
-1.453836e+02 -2.721539e+01
-7.149938e+02 -2.952448e+01
3.583837e+02 9.503418e+00
2.705741e+02 -5.991363e+02
-7.769830e+02 5.153218e+02
-5.647294e+02 -4.377806e+02
2.770572e+02 1.160835e+02
1.229561e+02 1.137744e+02
2.491183e+02 1.528023e+02
-2.498857e+02 -3.776937e+02
1.541041e+02 7.367643e+02
6.590227e+01 -2.163381e+02
2.076613e+02 3.375261e+02
4.092090e+02 3.352170e+02
1.484727e+02 3.742449e+02
-6.099725e+02 -6.800126e+02
8.576743e+02 4.344455e+02
-4.091187e+02 -5.186569e+02
2.565846e+02 3.520722e+01
-1.700722e+02 3.289813e+01
-7.140379e+01 7.192603e+01
-2.050890e+03 -7.104570e+02
1.296851e+03 4.040011e+02
-5.285896e+02 -5.491013e+02
2.965438e+01 4.762807e+00
-1.163755e+02 2.453720e+00
3.370292e+02 4.148161e+01
-1.120984e+03 -4.854234e+02
-5.165178e+01 6.290346e+02
-5.160342e+02 -3.240678e+02
2.125850e+02 2.297964e+02
6.089720e+02 2.274873e+02
1.990085e+02 2.665152e+02
-1.156247e+03 -8.736360e+02
8.724997e+02 2.408220e+02
-6.551335e+02 -7.122804e+02
-4.291588e+02 -1.584162e+02
6.731187e+01 -1.607253e+02
-3.730687e+02 -1.216974e+02
