3.078512e+02 3.295069e+02
4.521237e+02 1.826318e+01
-4.630012e+01 1.224661e+02
6.651863e+01 -1.229401e+02
-2.928227e+02 -1.074349e+02
3.968383e+02 3.015498e+02
7.868138e+02 2.351600e+02
-3.650783e+02 -7.608374e+01
-2.613914e+02 2.811920e+01
-7.554508e+01 -2.172871e+02
-7.174445e+01 -2.017819e+02
1.131356e+02 2.072029e+02
3.973887e+02 3.261800e+02
-2.941362e+01 1.493623e+01
1.693850e+02 1.191392e+02
3.191044e+01 -1.262671e+02
-4.789759e+02 -1.107619e+02
5.815494e+02 2.982229e+02
7.814149e+01 3.312792e+02
-1.131294e+02 2.003542e+01
1.283746e+02 1.242384e+02
-1.792881e+02 -1.211679e+02
-1.260798e+02 -1.056627e+02
6.468354e+02 3.033221e+02
6.940273e+02 3.853641e+02
-1.686407e+02 7.412032e+01
4.905677e+02 1.783233e+02
-1.866689e+02 -6.708301e+01
-1.601545e+02 -5.157780e+01
2.721355e+02 3.574070e+02
8.867444e+02 4.926687e+02
-4.307900e+01 1.814249e+02
3.662032e+02 2.856279e+02
-1.300017e+02 4.022162e+01
1.858272e+02 5.572683e+01
3.157942e+02 4.647116e+02
-7.229628e+02 3.163140e+02
7.274120e+02 5.070252e+00
1.001460e+02 1.092732e+02
-3.993149e+02 -1.361331e+02
9.919962e+01 -1.206279e+02
3.149894e+02 2.883569e+02
2.483799e+02 2.987528e+02
-9.523232e+01 -1.249093e+01
3.054350e+02 9.171201e+01
-4.076938e+02 -1.536943e+02
-6.920403e+01 -1.381890e+02
1.940804e+02 2.707957e+02
1.879304e+02 2.217321e+02
-2.944205e+02 -8.951170e+01
-1.841434e+02 1.469124e+01
1.063199e+02 -2.307150e+02
-7.117949e+01 -2.152098e+02
-5.007164e+01 1.937749e+02
