4.472490e+02 1.374782e+02 4.048013e+01 5.442470e+02
2.220933e+02 -1.374782e+02 8.531369e+01 -6.985741e-01
-2.920341e+02 -1.374782e+02 -2.556361e+02 -1.738762e+02
1.264930e+02 1.374782e+02 8.637401e+01 1.775972e+02
-1.616136e+02 0.000000e+00 4.525321e+01 -2.068668e+02
-3.170453e+01 0.000000e+00 -1.404292e+02 1.087247e+02
1.118704e+02 1.374782e+02 1.570549e+02 9.229369e+01
-1.213161e+02 -1.374782e+02 2.018884e+02 -4.606827e+02
4.862772e+01 -1.374782e+02 -1.390613e+02 5.021087e+01
2.088621e+02 1.374782e+02 2.029488e+02 1.433915e+02
1.532730e+02 0.000000e+00 1.618280e+02 -8.554924e+00
9.923626e+00 0.000000e+00 -2.385447e+01 3.377810e+01
-2.663777e+02 1.374782e+02 1.347018e+02 -2.636013e+02
2.656846e+02 -1.374782e+02 1.795353e+02 -5.132894e+01
-7.442860e+01 -1.374782e+02 -1.614144e+02 -5.049234e+01
-4.672741e+01 1.374782e+02 1.805957e+02 -8.984489e+01
2.093283e+02 0.000000e+00 1.394749e+02 6.985345e+01
1.100792e+02 0.000000e+00 -4.620758e+01 1.562867e+02
-4.962858e+02 1.374782e+02 1.140093e+02 -4.728169e+02
5.437465e+02 -1.374782e+02 1.588428e+02 2.474255e+02
-2.022221e+02 -1.374782e+02 -1.821069e+02 -1.575934e+02
1.582399e+02 1.374782e+02 1.599032e+02 1.358149e+02
2.197892e+02 0.000000e+00 1.187823e+02 1.010068e+02
-8.243832e+01 0.000000e+00 -6.690009e+01 -1.553823e+01
3.361957e+02 1.374782e+02 1.496946e+02 3.239792e+02
5.275259e+02 -1.374782e+02 1.945282e+02 1.955196e+02
-9.581099e+01 -1.374782e+02 -1.464216e+02 -8.686758e+01
1.146471e+02 1.374782e+02 1.955885e+02 5.653678e+01
1.145066e+02 0.000000e+00 1.544677e+02 -3.996116e+01
-1.978595e+02 0.000000e+00 -3.121472e+01 -1.666448e+02
2.706669e+02 1.374782e+02 2.569386e+02 1.512065e+02
4.096065e+02 -1.374782e+02 3.017722e+02 -2.964384e+01
-1.297554e+02 -1.374782e+02 -3.917757e+01 -2.280560e+02
3.800014e+02 1.374782e+02 3.028325e+02 2.146470e+02
4.541272e+02 0.000000e+00 2.617117e+02 1.924154e+02
-1.751221e+02 0.000000e+00 7.602929e+01 -2.511513e+02
1.817709e+02 1.374782e+02 1.093974e+01 3.083093e+02
-8.973341e+00 -1.374782e+02 5.577329e+01 -2.022248e+02
-4.778178e+02 -1.374782e+02 -2.851765e+02 -3.301195e+02
9.242656e+01 1.374782e+02 5.683362e+01 1.730711e+02
5.344722e+01 0.000000e+00 1.571281e+01 3.773441e+01
-1.035926e+02 0.000000e+00 -1.699696e+02 6.637698e+01
1.553819e+02 1.374782e+02 9.028995e+01 2.025701e+02
-1.813487e+02 -1.374782e+02 1.351235e+02 -4.539503e+02
-3.737845e+02 -1.374782e+02 -2.058263e+02 -3.054364e+02
1.906326e+02 1.374782e+02 1.361838e+02 1.919270e+02
1.636582e+02 0.000000e+00 9.506302e+01 6.859515e+01
3.108584e+01 0.000000e+00 -9.061941e+01 1.217053e+02
2.388286e+02 1.374782e+02 7.754202e+01 2.987648e+02
-1.344345e+02 -1.374782e+02 1.223756e+02 -3.942883e+02
-4.947800e+01 -1.374782e+02 -2.185742e+02 3.161801e+01
2.255845e+02 1.374782e+02 1.234359e+02 2.396267e+02
-5.791931e+01 0.000000e+00 8.231510e+01 -1.402344e+02
-1.276765e+02 0.000000e+00 -1.033673e+02 -2.430913e+01
