-7.946822e+01 -7.400196e+01 -1.495616e+02 -3.908600e+00
3.043332e+02 7.400196e+01 2.097734e+02 1.685618e+02
2.120963e+01 -7.400196e+01 -7.774520e+01 2.495288e+01
-3.337706e+01 7.400196e+01 -1.236500e+01 5.298990e+01
1.772192e+01 -7.400196e+01 -3.305219e+01 -2.322785e+01
8.450084e+01 7.400196e+01 -1.375557e+01 1.722584e+02
1.838330e+02 -7.400196e+01 -1.882622e+02 2.980933e+02
2.230631e+02 7.400196e+01 1.710727e+02 1.259924e+02
-1.746673e+02 -7.400196e+01 -1.164459e+02 -1.322234e+02
-7.337981e+00 7.400196e+01 -5.106566e+01 1.177296e+02
1.031472e+00 -7.400196e+01 -7.175285e+01 -1.217638e+00
-2.310279e+02 7.400196e+01 -5.245624e+01 -1.045697e+02
-1.786125e+02 -7.400196e+01 -1.114177e+02 -1.411967e+02
6.697768e+01 7.400196e+01 2.479173e+02 -1.069376e+02
-6.644642e+01 -7.400196e+01 -3.960129e+01 -1.008471e+02
-4.396259e+00 7.400196e+01 2.577891e+01 4.382679e+01
-4.623449e-01 -7.400196e+01 5.091721e+00 -7.955603e+01
1.658652e+02 7.400196e+01 2.438834e+01 2.154788e+02
-1.478658e+02 -7.400196e+01 -1.631332e+02 -5.873451e+01
6.951130e+02 7.400196e+01 1.962017e+02 5.729133e+02
-6.631218e+01 -7.400196e+01 -9.131687e+01 -4.899727e+01
6.541379e+01 7.400196e+01 -2.593666e+01 1.653524e+02
-2.160977e+02 -7.400196e+01 -4.662385e+01 -2.434758e+02
9.571762e+01 7.400196e+01 -2.732724e+01 1.970468e+02
-1.797915e+02 -7.400196e+01 -1.642292e+02 -8.956421e+01
2.315506e+02 7.400196e+01 1.951057e+02 1.104468e+02
-5.161309e+01 -7.400196e+01 -9.241282e+01 -3.320223e+01
5.317424e+00 7.400196e+01 -2.703262e+01 1.063520e+02
-5.321626e+01 -7.400196e+01 -4.771981e+01 -7.949841e+01
-7.655873e+01 7.400196e+01 -2.842319e+01 2.586642e+01
-3.166978e+02 -7.400196e+01 -1.416146e+02 -2.490852e+02
2.667365e+02 7.400196e+01 2.177203e+02 1.230182e+02
-8.957583e+01 -7.400196e+01 -6.979822e+01 -9.377956e+01
3.805326e+01 7.400196e+01 -4.418021e+00 1.164732e+02
-7.347707e+01 -7.400196e+01 -2.510521e+01 -1.223738e+02
3.443139e+01 7.400196e+01 -5.808595e+00 1.142419e+02
-6.240961e+01 -7.400196e+01 -1.689699e+02 3.255834e+01
2.963922e+01 7.400196e+01 1.903650e+02 -8.672386e+01
-3.068371e+02 -7.400196e+01 -9.715353e+01 -2.836856e+02
-1.188653e+01 7.400196e+01 -3.177332e+01 9.388875e+01
9.749926e+01 -7.400196e+01 -5.246051e+01 7.595781e+01
-6.899421e+00 7.400196e+01 -3.316390e+01 1.002664e+02
-1.114565e+01 -7.400196e+01 -1.272275e+02 4.207987e+01
6.392877e+01 7.400196e+01 2.321075e+02 -9.417674e+01
-8.609941e+01 -7.400196e+01 -5.541109e+01 -1.046903e+02
2.092620e+02 7.400196e+01 9.969109e+00 2.732949e+02
-6.876591e+01 -7.400196e+01 -1.071808e+01 -1.320498e+02
-2.104963e+01 7.400196e+01 8.578535e+00 4.437379e+01
-2.453048e+02 -7.400196e+01 -1.324889e+02 -1.868178e+02
7.309018e+01 7.400196e+01 2.268460e+02 -7.975387e+01
6.933887e+01 -7.400196e+01 -6.067255e+01 5.600947e+01
-5.799145e+01 7.400196e+01 4.707650e+00 1.130286e+01
-1.984712e+00 -7.400196e+01 -1.597954e+01 -6.000713e+01
1.188853e+01 7.400196e+01 3.317076e+00 8.257341e+01
