-6.290900e+01 -2.472934e+02
3.581692e+02 2.316088e+02
9.713021e+01 -1.539176e+01
-1.870064e+02 -1.690213e+02
-2.521221e+02 -7.655329e+01
-1.691983e+01 -9.734955e+01
-1.545662e+02 -1.237486e+02
1.349798e+02 3.551537e+02
1.052672e+02 1.081531e+02
-1.032188e+02 -4.547642e+01
1.235272e+02 4.699157e+01
6.163026e+01 2.619530e+01
1.510406e+02 -2.135283e+02
5.152090e+02 2.653740e+02
9.246900e+01 1.837337e+01
-2.244776e+02 -1.352561e+02
-1.625557e+02 -4.278816e+01
-6.368985e+00 -6.358443e+01
-2.971723e+02 -3.634753e+02
3.693973e+02 1.154269e+02
-9.524747e+01 -1.315737e+02
-2.301673e+02 -2.852032e+02
-2.663762e+02 -1.927352e+02
-2.669278e+02 -2.135315e+02
-1.327996e+02 -1.960666e+02
1.774360e+01 2.828356e+02
-6.276686e+01 3.583502e+01
-4.126310e+01 -1.177945e+02
-3.877089e+01 -2.532651e+01
1.632385e+01 -4.612277e+01
-5.846240e+02 -1.500298e+02
3.320276e+02 3.288725e+02
4.665409e+00 8.187189e+01
8.092457e+01 -7.175763e+01
1.611994e+02 2.071035e+01
1.206985e+02 -8.591080e-02
3.191527e+01 -9.602247e+01
2.244086e+02 3.828798e+02
1.563940e+02 1.358792e+02
-2.775364e+02 -1.775034e+01
1.840132e+02 7.471765e+01
2.898895e+01 5.392138e+01
-6.410801e+01 -1.628032e+02
5.382220e+01 3.160991e+02
7.251909e+01 6.909850e+01
2.440023e+01 -8.453102e+01
2.869756e+01 7.936966e+00
-1.490509e+02 -1.285930e+01
-6.691713e+02 -5.326697e+02
5.958893e+02 -5.376747e+01
-2.948610e+02 -3.007681e+02
-4.822246e+02 -4.543976e+02
-3.670404e+02 -3.619296e+02
-6.199150e+02 -3.827259e+02
