-7.946822e+01 -1.495616e+02
3.043332e+02 2.097734e+02
2.120963e+01 -7.774520e+01
-3.337706e+01 -1.236500e+01
1.772192e+01 -3.305219e+01
8.450084e+01 -1.375557e+01
1.838330e+02 -1.882622e+02
2.230631e+02 1.710727e+02
-1.746673e+02 -1.164459e+02
-7.337981e+00 -5.106566e+01
1.031472e+00 -7.175285e+01
-2.310279e+02 -5.245624e+01
-1.786125e+02 -1.114177e+02
6.697768e+01 2.479173e+02
-6.644642e+01 -3.960129e+01
-4.396259e+00 2.577891e+01
-4.623449e-01 5.091721e+00
1.658652e+02 2.438834e+01
-1.478658e+02 -1.631332e+02
6.951130e+02 1.962017e+02
-6.631218e+01 -9.131687e+01
6.541379e+01 -2.593666e+01
-2.160977e+02 -4.662385e+01
9.571762e+01 -2.732724e+01
-1.797915e+02 -1.642292e+02
2.315506e+02 1.951057e+02
-5.161309e+01 -9.241282e+01
5.317424e+00 -2.703262e+01
-5.321626e+01 -4.771981e+01
-7.655873e+01 -2.842319e+01
-3.166978e+02 -1.416146e+02
2.667365e+02 2.177203e+02
-8.957583e+01 -6.979822e+01
3.805326e+01 -4.418021e+00
-7.347707e+01 -2.510521e+01
3.443139e+01 -5.808595e+00
-6.240961e+01 -1.689699e+02
2.963922e+01 1.903650e+02
-3.068371e+02 -9.715353e+01
-1.188653e+01 -3.177332e+01
9.749926e+01 -5.246051e+01
-6.899421e+00 -3.316390e+01
-1.114565e+01 -1.272275e+02
6.392877e+01 2.321075e+02
-8.609941e+01 -5.541109e+01
2.092620e+02 9.969109e+00
-6.876591e+01 -1.071808e+01
-2.104963e+01 8.578535e+00
-2.453048e+02 -1.324889e+02
7.309018e+01 2.268460e+02
6.933887e+01 -6.067255e+01
-5.799145e+01 4.707650e+00
-1.984712e+00 -1.597954e+01
1.188853e+01 3.317076e+00
