-1.551819e+02 -7.604427e+01 -1.321105e+02 -9.911570e+01
-1.865438e+02 -7.604427e+01 -1.292756e+02 -1.333126e+02
-1.366061e+02 0.000000e+00 1.370503e+00 -1.379766e+02
-8.867758e+01 0.000000e+00 -8.488786e+01 -3.789723e+00
6.611897e+01 7.604427e+01 2.352201e+00 1.398110e+02
1.003782e+02 7.604427e+01 5.332893e+01 1.230936e+02
-5.506005e+00 -7.604427e+01 -6.949420e+01 -1.205608e+01
-1.447014e+02 -7.604427e+01 -6.665929e+01 -1.540864e+02
5.804825e+01 0.000000e+00 6.398677e+01 -5.938521e+00
-4.697931e+01 0.000000e+00 -2.227159e+01 -2.470772e+01
7.029960e+01 7.604427e+01 6.496847e+01 8.137540e+01
1.281132e+02 7.604427e+01 1.159452e+02 8.821230e+01
-1.151462e+02 -7.604427e+01 -4.749827e+01 -1.436922e+02
-3.493020e+02 -7.604427e+01 -4.466336e+01 -3.806829e+02
1.377286e+01 0.000000e+00 8.598270e+01 -7.220984e+01
6.930203e+01 0.000000e+00 -2.756643e-01 6.957770e+01
1.318946e+02 7.604427e+01 8.696440e+01 1.209745e+02
1.658719e+02 7.604427e+01 1.379411e+02 1.039750e+02
-3.439075e+02 -7.604427e+01 -6.293403e+01 -3.570178e+02
1.730915e+02 -7.604427e+01 -6.009912e+01 1.571464e+02
1.410679e+02 0.000000e+00 7.054694e+01 7.052096e+01
1.198931e+02 0.000000e+00 -1.571142e+01 1.356045e+02
3.181269e+01 7.604427e+01 7.152864e+01 3.632833e+01
3.480846e+01 7.604427e+01 1.225054e+02 -1.165263e+01
-1.653937e+02 -7.604427e+01 -1.131113e+02 -1.283267e+02
-1.669985e+02 -7.604427e+01 -1.102763e+02 -1.327665e+02
7.927856e+01 0.000000e+00 2.036972e+01 5.890884e+01
-1.370868e+02 0.000000e+00 -6.588864e+01 -7.119818e+01
8.651730e+01 7.604427e+01 2.135142e+01 1.412101e+02
5.064975e+01 7.604427e+01 7.232815e+01 5.436588e+01
1.541356e+02 -7.604427e+01 -7.542417e+01 1.535155e+02
7.457087e+01 -7.604427e+01 -7.258926e+01 7.111586e+01
5.536324e+01 0.000000e+00 5.805680e+01 -2.693563e+00
-1.060442e+02 0.000000e+00 -2.820156e+01 -7.784267e+01
5.560447e+00 7.604427e+01 5.903850e+01 2.256622e+01
1.310436e+02 7.604427e+01 1.100152e+02 9.707263e+01
-1.132377e+01 -7.604427e+01 -6.400897e+01 -2.335907e+01
-1.097745e+02 -7.604427e+01 -6.117406e+01 -1.246447e+02
1.319920e+02 0.000000e+00 6.947200e+01 6.252000e+01
-6.781020e+01 0.000000e+00 -1.678636e+01 -5.102384e+01
1.754011e+01 7.604427e+01 7.045370e+01 2.313069e+01
1.685092e+02 7.604427e+01 1.214304e+02 1.231231e+02
-3.064127e+02 -7.604427e+01 -1.248029e+02 -2.576541e+02
-6.129336e+01 -7.604427e+01 -1.219680e+02 -1.536961e+01
-6.566306e+00 0.000000e+00 8.678044e+00 -1.524435e+01
4.098278e+01 0.000000e+00 -7.758032e+01 1.185631e+02
-3.958372e+01 7.604427e+01 9.659742e+00 2.680081e+01
7.389503e+01 7.604427e+01 6.063647e+01 8.930283e+01
1.304682e+02 -7.604427e+01 -8.089256e+01 1.353165e+02
4.904522e+01 -7.604427e+01 -7.805765e+01 5.105860e+01
1.258925e+02 0.000000e+00 5.258841e+01 7.330409e+01
-6.281877e+01 0.000000e+00 -3.366995e+01 -2.914882e+01
1.285420e+01 7.604427e+01 5.357011e+01 3.532837e+01
6.177991e+01 7.604427e+01 1.045468e+02 3.327735e+01
