-3.597760e+02 -1.394635e+02 -1.060865e+02 -3.931530e+02
-2.762729e+02 -1.394635e+02 -3.738928e+01 -3.783471e+02
1.272413e+02 1.394635e+02 2.016479e+02 6.505685e+01
1.439250e+02 1.394635e+02 1.750821e+02 1.083064e+02
1.399268e+02 0.000000e+00 5.540220e+01 8.452462e+01
1.073117e+02 0.000000e+00 4.752677e+00 1.025591e+02
-4.082626e+02 -1.394635e+02 -2.654340e+02 -2.822921e+02
-1.942338e+02 -1.394635e+02 -1.967368e+02 -1.369605e+02
3.418879e-01 1.394635e+02 4.230038e+01 9.750498e+01
4.729665e+01 1.394635e+02 1.573459e+01 1.710255e+02
-4.674539e+01 0.000000e+00 -1.039453e+02 5.719991e+01
-1.715996e+02 0.000000e+00 -1.545948e+02 -1.700480e+01
-3.059350e+02 -1.394635e+02 -2.357038e+02 -2.096947e+02
-1.951088e+02 -1.394635e+02 -1.670066e+02 -1.675657e+02
1.247640e+02 1.394635e+02 7.203051e+01 1.921970e+02
1.750989e+02 1.394635e+02 4.546473e+01 2.690977e+02
-1.462188e+01 0.000000e+00 -7.421517e+01 5.959329e+01
-3.409044e+02 0.000000e+00 -1.248647e+02 -2.160397e+02
1.787351e+02 -1.394635e+02 -2.145755e+02 2.538472e+02
-2.074661e+02 -1.394635e+02 -1.458783e+02 -2.010512e+02
1.975494e+02 1.394635e+02 9.315884e+01 2.438541e+02
-5.148469e+01 1.394635e+02 6.659305e+01 2.138573e+01
-1.293900e+02 0.000000e+00 -5.308684e+01 -7.630320e+01
-1.351110e+02 0.000000e+00 -1.037364e+02 -3.137460e+01
-6.750603e+02 -1.394635e+02 -4.933251e+02 -3.211987e+02
1.021882e+02 -1.394635e+02 -4.246279e+02 3.873527e+02
-3.200904e+01 1.394635e+02 -1.855908e+02 2.930452e+02
-1.662549e+02 1.394635e+02 -2.121566e+02 1.853652e+02
-4.851158e+02 0.000000e+00 -3.318364e+02 -1.532793e+02
-4.114348e+02 0.000000e+00 -3.824860e+02 -2.894882e+01
-3.587265e+02 -1.394635e+02 -2.035127e+02 -2.946773e+02
-1.803823e+02 -1.394635e+02 -1.348155e+02 -1.850303e+02
7.945135e+01 1.394635e+02 1.042217e+02 1.146931e+02
5.634784e+01 1.394635e+02 7.765590e+01 1.181554e+02
1.218781e+01 0.000000e+00 -4.202399e+01 5.421180e+01
-4.727295e+01 0.000000e+00 -9.267351e+01 4.540056e+01
3.347754e+01 -1.394635e+02 -2.128527e+02 1.068667e+02
1.919232e+01 -1.394635e+02 -1.441555e+02 2.388431e+01
1.871336e+01 1.394635e+02 9.488170e+01 6.329513e+01
5.868696e+01 1.394635e+02 6.831591e+01 1.298345e+02
-1.859966e+02 0.000000e+00 -5.136398e+01 -1.346326e+02
-4.616315e+01 0.000000e+00 -1.020135e+02 5.585036e+01
-3.547577e+01 -1.394635e+02 -2.089314e+02 3.399218e+01
-3.520378e+02 -1.394635e+02 -1.402342e+02 -3.512671e+02
6.972723e+01 1.394635e+02 9.880295e+01 1.103877e+02
2.209971e+02 1.394635e+02 7.223716e+01 2.882234e+02
-1.404728e+02 0.000000e+00 -4.744273e+01 -9.303011e+01
-7.222687e+01 0.000000e+00 -9.809226e+01 2.586539e+01
-1.238687e+02 -1.394635e+02 -2.632149e+02 -1.172760e-01
4.402454e+01 -1.394635e+02 -1.945177e+02 9.907874e+01
2.052759e+01 1.394635e+02 4.451949e+01 1.154716e+02
-1.467932e+02 1.394635e+02 1.795370e+01 -2.528344e+01
6.591872e+01 0.000000e+00 -1.017262e+02 1.676449e+02
-2.972383e+02 0.000000e+00 -1.523757e+02 -1.448626e+02
