-1.935303e+02 1.880117e+02 -4.386947e+01 3.835095e+01
-7.494191e+02 -1.880117e+02 -4.486965e+02 -4.887344e+02
-1.343171e+02 0.000000e+00 4.551334e-01 -1.347722e+02
-1.962383e+01 0.000000e+00 -2.110770e+02 1.914531e+02
-1.947242e+02 -1.880117e+02 -1.684674e+02 -2.142685e+02
2.287693e+02 1.880117e+02 8.738826e+01 3.293927e+02
7.127987e+01 1.880117e+02 -9.900430e+01 3.582959e+02
-4.948191e+02 -1.880117e+02 -5.038313e+02 -1.789995e+02
1.661906e+02 0.000000e+00 -5.467969e+01 2.208703e+02
-5.686696e+02 0.000000e+00 -2.662118e+02 -3.024578e+02
-1.922681e+02 -1.880117e+02 -2.236022e+02 -1.566776e+02
-5.841755e+01 1.880117e+02 3.225343e+01 9.734075e+01
4.598023e+01 1.880117e+02 -4.890278e+01 2.828947e+02
-7.173008e+02 -1.880117e+02 -4.537298e+02 -4.515828e+02
-1.215190e+02 0.000000e+00 -4.578176e+00 -1.169408e+02
-1.345989e+02 0.000000e+00 -2.161103e+02 8.151140e+01
-2.442982e+02 -1.880117e+02 -1.735007e+02 -2.588092e+02
2.797104e+02 1.880117e+02 8.235495e+01 3.853672e+02
1.864831e+02 1.880117e+02 2.339058e+02 1.405890e+02
-2.469362e+02 -1.880117e+02 -1.709212e+02 -2.640268e+02
3.030006e+02 0.000000e+00 2.782304e+02 2.477022e+01
1.106176e+02 0.000000e+00 6.669831e+01 4.391930e+01
2.267398e+02 -1.880117e+02 1.093079e+02 -7.057984e+01
1.902712e+02 1.880117e+02 3.651635e+02 1.311942e+01
-2.578157e+02 1.880117e+02 2.995073e+01 -9.975470e+01
-7.502547e+01 -1.880117e+02 -3.748763e+02 1.118390e+02
4.154617e+01 0.000000e+00 7.427533e+01 -3.272917e+01
-2.967969e+02 0.000000e+00 -1.372568e+02 -1.595401e+02
1.002622e+02 -1.880117e+02 -9.464721e+01 6.897648e+00
3.210897e+01 1.880117e+02 1.612085e+02 5.891225e+01
4.693490e+02 1.880117e+02 -2.682871e+01 6.841894e+02
-3.673139e+02 -1.880117e+02 -4.316557e+02 -1.236700e+02
-3.214144e+01 0.000000e+00 1.749590e+01 -4.963733e+01
-2.883842e+02 0.000000e+00 -1.940362e+02 -9.434798e+01
-2.148918e+02 -1.880117e+02 -1.514266e+02 -2.514769e+02
1.671273e+02 1.880117e+02 1.044290e+02 2.507100e+02
2.896831e+01 1.880117e+02 1.235423e+02 9.343776e+01
-3.664606e+02 -1.880117e+02 -2.812847e+02 -2.731876e+02
3.220973e+02 0.000000e+00 1.678669e+02 1.542304e+02
-2.114725e+02 0.000000e+00 -4.366521e+01 -1.678072e+02
-1.762932e+01 -1.880117e+02 -1.055645e+00 -2.045854e+02
3.403780e+02 1.880117e+02 2.548000e+02 2.735897e+02
9.770241e+01 1.880117e+02 3.631811e+01 2.493960e+02
1.453883e+02 -1.880117e+02 -3.685089e+02 3.258854e+02
-4.232034e+01 0.000000e+00 8.064271e+01 -1.229631e+02
-9.147994e+01 0.000000e+00 -1.308894e+02 3.940945e+01
-6.843668e+01 -1.880117e+02 -8.827983e+01 -1.681686e+02
1.350575e+01 1.880117e+02 1.675758e+02 3.394165e+01
-3.736969e+02 1.880117e+02 -1.252826e+02 -6.040253e+01
-7.977476e+02 -1.880117e+02 -5.301096e+02 -4.556497e+02
3.893994e+00 0.000000e+00 -8.095803e+01 8.485202e+01
1.194966e+02 0.000000e+00 -2.924901e+02 4.119868e+02
-4.637779e+02 -1.880117e+02 -2.498806e+02 -4.019091e+02
8.382978e+01 1.880117e+02 5.975094e+00 2.658664e+02
