-1.524467e+02 -5.825402e+01
-1.406662e+02 -4.218968e+01
4.830519e+01 1.094168e+02
1.113203e+02 9.506185e+01
5.605138e+01 6.781566e-01
8.038873e+01 -1.263918e+01
9.869962e+01 -2.114224e+01
2.336032e+02 -5.077908e+00
1.885403e+02 1.465286e+02
4.973357e+01 1.321736e+02
9.569906e+00 3.778993e+01
3.512234e+01 2.447259e+01
3.059580e+02 -5.802830e+01
-2.022696e+01 -4.196396e+01
2.044281e+02 1.096425e+02
-2.743356e+01 9.528757e+01
-1.664787e+02 9.038732e-01
1.719969e+01 -1.241346e+01
-4.526592e+01 -3.846825e+01
-6.262780e+01 -2.240391e+01
8.403094e+01 1.292026e+02
1.113428e+02 1.148476e+02
2.797011e+01 2.046393e+01
9.011171e+01 7.146590e+00
-1.462311e+02 -9.764342e+01
-2.342575e+01 -8.157909e+01
7.950480e+01 7.002741e+01
8.232845e+01 5.567245e+01
-1.189482e+01 -3.871125e+01
-8.244946e+01 -5.202859e+01
-4.879425e+01 -7.829231e+01
-1.455058e+02 -6.222797e+01
6.355073e+01 8.937852e+01
3.201294e+02 7.502356e+01
-1.492886e+02 -1.936013e+01
1.800456e+02 -3.267747e+01
8.986537e+01 -5.076838e+01
1.696602e+02 -3.470405e+01
1.839372e+02 1.169025e+02
-7.080815e+01 1.025475e+02
9.160883e+01 8.163791e+00
-1.459173e+02 -5.153545e+00
-1.804887e+02 -8.538371e+01
2.638901e+02 -6.931937e+01
3.780091e-01 8.228713e+01
1.945781e+02 6.793216e+01
3.917439e+01 -2.645153e+01
-2.472508e+02 -3.976887e+01
-2.879789e+01 -7.171327e+01
-7.959400e+01 -5.564894e+01
2.587703e+02 9.595756e+01
8.145708e+01 8.160260e+01
3.970404e-01 -1.278110e+01
-1.636531e+02 -2.609844e+01
