-8.895761e+01 -9.848553e+01 -6.393545e+01 -1.235077e+02
-1.219942e+02 -9.848553e+01 -1.713966e+01 -2.033401e+02
1.724730e+02 9.848553e+01 1.119015e+02 1.590571e+02
1.593435e+02 9.848553e+01 1.329232e+02 1.249059e+02
-1.174652e+02 0.000000e+00 -1.778177e+01 -9.968341e+01
6.507036e+01 0.000000e+00 -2.407074e+00 6.747744e+01
3.633793e+01 -9.848553e+01 -3.458675e+01 -2.756084e+01
1.000607e+02 -9.848553e+01 1.220903e+01 -1.063384e+01
2.970883e+02 9.848553e+01 1.412501e+02 2.543237e+02
1.310060e+02 9.848553e+01 1.622719e+02 6.721969e+01
4.906566e+01 0.000000e+00 1.156692e+01 3.749874e+01
-7.394477e+01 0.000000e+00 2.694162e+01 -1.008864e+02
6.124562e+01 -9.848553e+01 -2.822701e+01 -9.012908e+00
8.127680e+01 -9.848553e+01 1.856878e+01 -3.577751e+01
1.607663e+02 9.848553e+01 1.476099e+02 1.116419e+02
1.245692e+02 9.848553e+01 1.686316e+02 5.442308e+01
8.180701e+01 0.000000e+00 1.792667e+01 6.388034e+01
9.314643e+00 0.000000e+00 3.330137e+01 -2.398673e+01
-8.260096e+01 -9.848553e+01 -6.070678e+01 -1.203797e+02
-2.126095e+01 -9.848553e+01 -1.391099e+01 -1.058355e+02
7.529855e+01 9.848553e+01 1.151301e+02 5.865395e+01
1.231937e+02 9.848553e+01 1.361518e+02 8.552738e+01
-4.864388e+00 0.000000e+00 -1.455310e+01 9.688713e+00
5.245956e+01 0.000000e+00 8.215994e-01 5.163796e+01
-1.377694e+02 -9.848553e+01 -3.366278e+01 -2.025922e+02
-1.734014e+01 -9.848553e+01 1.313300e+01 -1.289587e+02
1.165518e+02 9.848553e+01 1.421741e+02 7.286318e+01
2.042049e+02 9.848553e+01 1.631958e+02 1.394946e+02
1.878317e+01 0.000000e+00 1.249089e+01 6.292278e+00
5.821170e+01 0.000000e+00 2.786559e+01 3.034610e+01
-3.930791e+01 -9.848553e+01 -8.006504e+01 -5.772840e+01
-9.507190e+01 -9.848553e+01 -3.326926e+01 -1.602882e+02
3.867228e+01 9.848553e+01 9.577186e+01 4.138595e+01
2.353642e+02 9.848553e+01 1.167936e+02 2.170561e+02
-6.798758e+01 0.000000e+00 -3.391137e+01 -3.407621e+01
6.959464e+01 0.000000e+00 -1.853666e+01 8.813131e+01
5.945788e+01 -9.848553e+01 2.388695e+01 -6.291460e+01
-1.649287e+01 -9.848553e+01 7.068273e+01 -1.856611e+02
6.647477e+01 9.848553e+01 1.997238e+02 -3.476354e+01
9.775694e+01 9.848553e+01 2.207455e+02 -2.450308e+01
1.172928e+02 0.000000e+00 7.004062e+01 4.725220e+01
2.015956e+02 0.000000e+00 8.541532e+01 1.161803e+02
-1.241621e+02 -9.848553e+01 -1.048752e+02 -1.177724e+02
9.577360e+01 -9.848553e+01 -5.807944e+01 5.536751e+01
6.688527e+01 9.848553e+01 7.096168e+01 9.440912e+01
1.488251e+02 9.848553e+01 9.198338e+01 1.553273e+02
-4.020156e+01 0.000000e+00 -5.872155e+01 1.851999e+01
-1.556283e+02 0.000000e+00 -4.334685e+01 -1.122814e+02
-9.675454e+01 -9.848553e+01 -6.687417e+01 -1.283659e+02
1.032546e+02 -9.848553e+01 -2.007838e+01 2.484748e+01
3.508307e+02 9.848553e+01 1.089627e+02 3.403535e+02
1.282147e+02 9.848553e+01 1.299844e+02 9.671576e+01
-1.945355e+01 0.000000e+00 -2.072049e+01 1.266941e+00
-1.848152e+02 0.000000e+00 -5.345793e+00 -1.794694e+02
