-1.528374e+02 -7.387581e+01 7.222246e+01 -2.989357e+02
2.660068e+02 7.387581e+01 1.699539e+02 1.699287e+02
2.799634e+02 -7.387581e+01 8.033369e+01 1.257539e+02
2.756246e+02 7.387581e+01 2.787077e+02 7.079266e+01
6.136160e+01 -7.387581e+01 1.163730e+02 -1.288872e+02
2.365670e+02 7.387581e+01 2.635224e+02 4.692046e+01
-8.968077e+01 -7.387581e+01 -1.869297e+01 -1.448636e+02
3.165364e+02 7.387581e+01 7.903847e+01 3.113737e+02
-1.125587e+02 -7.387581e+01 -1.058175e+01 -1.758528e+02
1.959931e+02 7.387581e+01 1.877923e+02 8.207663e+01
-3.416003e+01 -7.387581e+01 2.545757e+01 -1.334934e+02
2.326684e+02 7.387581e+01 1.726069e+02 1.339373e+02
3.894563e+02 -7.387581e+01 -3.699536e+01 3.525759e+02
1.940737e+02 7.387581e+01 6.073608e+01 2.072134e+02
-3.493699e+02 -7.387581e+01 -2.888414e+01 -3.943615e+02
1.315357e+02 7.387581e+01 1.694899e+02 3.592162e+01
-1.260899e+02 -7.387581e+01 7.155175e+00 -2.071209e+02
2.573504e+02 7.387581e+01 1.543046e+02 1.769217e+02
-7.574717e+01 -7.387581e+01 1.473100e+01 -1.643540e+02
1.071068e+02 7.387581e+01 1.124624e+02 6.852012e+01
1.258050e+02 -7.387581e+01 2.284223e+01 2.908692e+01
2.615390e+02 7.387581e+01 2.212163e+02 1.141986e+02
-9.419610e+01 -7.387581e+01 5.888154e+01 -2.269534e+02
2.690430e+02 7.387581e+01 2.060309e+02 1.368879e+02
1.764894e+01 -7.387581e+01 -8.243344e+01 2.620657e+01
-7.500123e+01 7.387581e+01 1.529801e+01 -1.642343e+01
-2.621879e+01 -7.387581e+01 -7.432221e+01 -2.577239e+01
1.242458e+02 7.387581e+01 1.240518e+02 7.406982e+01
1.022508e+01 -7.387581e+01 -3.828290e+01 -2.536783e+01
4.472641e+01 7.387581e+01 1.088665e+02 9.735742e+00
2.431621e+01 -7.387581e+01 -2.229493e+01 -2.726467e+01
8.627059e+00 7.387581e+01 7.543651e+01 7.066357e+00
-6.182385e+01 -7.387581e+01 -1.418371e+01 -1.215160e+02
1.923499e+02 7.387581e+01 1.841903e+02 8.203535e+01
5.164363e+01 -7.387581e+01 2.185561e+01 -4.408778e+01
2.001270e+02 7.387581e+01 1.690050e+02 1.049978e+02
-2.356222e+01 -7.387581e+01 -8.493372e+00 -8.894465e+01
-8.911141e+01 7.387581e+01 8.923807e+01 -1.044737e+02
-1.584075e+02 -7.387581e+01 -3.821468e-01 -2.319012e+02
1.159507e+02 7.387581e+01 1.979919e+02 -8.165339e+00
1.139034e+02 -7.387581e+01 3.565717e+01 4.370460e+00
3.587635e+02 7.387581e+01 1.828065e+02 2.498328e+02
2.562477e+02 -7.387581e+01 -2.634996e+01 2.087218e+02
1.816055e+02 7.387581e+01 7.138149e+01 1.840998e+02
-9.082065e+01 -7.387581e+01 -1.823873e+01 -1.464577e+02
4.564936e+02 7.387581e+01 1.801353e+02 3.502341e+02
-6.590100e+01 -7.387581e+01 1.780058e+01 -1.575774e+02
-1.067452e+02 7.387581e+01 1.649500e+02 -1.978193e+02
-5.999200e+01 -7.387581e+01 -5.020495e+00 -1.288473e+02
-2.527282e+01 7.387581e+01 9.271095e+01 -4.410796e+01
1.209811e+02 -7.387581e+01 3.090731e+00 4.401455e+01
1.627260e+02 7.387581e+01 2.014648e+02 3.513701e+01
1.650713e+02 -7.387581e+01 3.913004e+01 5.206547e+01
1.790565e+02 7.387581e+01 1.862794e+02 6.665289e+01
