-2.476106e+02 1.627469e+01
-7.176726e+01 -9.349425e+01
-3.534254e+02 -1.930564e+02
2.715090e+02 4.394106e+01
-9.971273e+01 3.473580e+01
1.637579e+02 -3.855030e+01
2.894313e+01 5.965809e+00
1.009978e+00 -1.038031e+02
-1.592149e+02 -2.033653e+02
-1.139637e+02 3.363218e+01
9.099830e+01 2.442692e+01
2.435009e+01 -4.885918e+01
5.283827e+02 5.799772e+01
-9.372908e+01 -5.177122e+01
-1.296281e+02 -1.513334e+02
-9.921212e+01 8.566409e+01
2.887458e+02 7.645883e+01
1.659000e+01 3.172727e+00
2.005416e+02 1.644986e+02
2.269089e+02 5.472963e+01
-9.282630e+01 -4.483251e+01
7.357229e+01 1.921649e+02
3.686531e+02 1.829597e+02
-3.291755e+01 1.096736e+02
1.665508e+01 9.287880e+01
2.596193e+01 -1.689014e+01
-1.252418e+02 -1.164523e+02
1.100397e+02 1.205452e+02
1.480382e+02 1.113399e+02
3.970926e+01 3.805381e+01
6.875349e+01 6.544938e+01
-1.078728e+02 -4.431956e+01
-1.672493e+02 -1.438817e+02
1.944227e+02 9.311575e+01
7.571696e+01 8.391049e+01
7.021765e+01 1.062439e+01
3.151461e+02 9.649525e+01
-1.114262e+02 -1.327369e+01
-7.286368e+01 -1.128358e+02
2.365625e+02 1.241616e+02
5.092187e+01 1.149564e+02
-2.207798e+01 4.167026e+01
-2.408816e+02 5.960083e-02
-2.896497e+02 -1.097093e+02
-2.350446e+02 -2.092715e+02
4.398386e+02 2.772598e+01
3.024090e+00 1.852071e+01
-1.491543e+02 -5.476539e+01
8.970168e+01 2.135099e+01
-6.424960e+01 -8.841795e+01
4.303312e+01 -1.879801e+02
8.498190e+01 4.901736e+01
-8.819430e+01 3.981210e+01
-8.758199e+01 -3.347400e+01
