-4.453557e+01 9.312702e+01 -1.154504e+01 6.013649e+01
-1.913962e+02 -9.312702e+01 -7.692587e+01 -2.075974e+02
1.268411e+02 0.000000e+00 1.112546e+02 1.558644e+01
-5.949719e+01 0.000000e+00 -1.590710e-01 -5.933812e+01
3.850132e+00 -9.312702e+01 -9.918824e+01 9.911348e+00
9.264719e+01 9.312702e+01 9.179556e+01 9.397866e+01
-1.606802e+02 9.312702e+01 -2.918805e+01 -3.836510e+01
9.965938e+01 -9.312702e+01 -9.456889e+01 1.011012e+02
-3.092258e+01 0.000000e+00 9.361161e+01 -1.245342e+02
-9.043089e+01 0.000000e+00 -1.780209e+01 -7.262881e+01
1.768656e+01 -9.312702e+01 -1.168313e+02 4.139080e+01
1.153701e+02 9.312702e+01 7.415254e+01 1.343445e+02
-4.238705e+01 9.312702e+01 4.231961e+01 8.420370e+00
8.517426e+01 -9.312702e+01 -2.306123e+01 1.510846e+01
9.730768e+01 0.000000e+00 1.651193e+02 -6.781159e+01
9.911598e+00 0.000000e+00 5.370557e+01 -4.379397e+01
-3.975581e+01 -9.312702e+01 -4.532360e+01 -8.755924e+01
1.511084e+02 9.312702e+01 1.456602e+02 9.857520e+01
-1.261234e+02 9.312702e+01 1.859668e+01 -5.159302e+01
-1.632722e+02 -9.312702e+01 -4.678415e+01 -2.096151e+02
2.912313e+01 0.000000e+00 1.413963e+02 -1.122732e+02
1.102797e+02 0.000000e+00 2.998265e+01 8.029708e+01
5.094591e+01 -9.312702e+01 -6.904652e+01 2.686541e+01
1.671223e+02 9.312702e+01 1.219373e+02 1.383121e+02
1.210823e+02 9.312702e+01 -3.541129e+01 2.496206e+02
-2.193628e+02 -9.312702e+01 -1.007921e+02 -2.116977e+02
1.158785e+02 0.000000e+00 8.738838e+01 2.849011e+01
1.102324e+01 0.000000e+00 -2.402532e+01 3.504857e+01
-2.083980e+02 -9.312702e+01 -1.230545e+02 -1.784706e+02
5.407897e+01 9.312702e+01 6.792931e+01 7.927669e+01
-8.294812e+01 9.312702e+01 -4.408568e+01 5.426458e+01
-8.651532e+01 -9.312702e+01 -1.094665e+02 -7.017583e+01
9.106891e+01 0.000000e+00 7.871399e+01 1.235492e+01
-1.575924e+02 0.000000e+00 -3.269971e+01 -1.248927e+02
-1.775298e+02 -9.312702e+01 -1.317289e+02 -1.389279e+02
1.658421e+02 9.312702e+01 5.925492e+01 1.997142e+02
-2.095984e+01 9.312702e+01 2.640748e+01 4.575969e+01
-7.212315e+01 -9.312702e+01 -3.897335e+01 -1.262768e+02
1.697533e+02 0.000000e+00 1.492072e+02 2.054613e+01
1.112295e+02 0.000000e+00 3.779345e+01 7.343603e+01
-1.215314e+02 -9.312702e+01 -6.123572e+01 -1.534227e+02
2.518877e+02 9.312702e+01 1.297481e+02 2.152666e+02
1.787439e+02 9.312702e+01 -5.243946e+01 3.243104e+02
-2.415877e+02 -9.312702e+01 -1.178203e+02 -2.168944e+02
1.428427e+02 0.000000e+00 7.036020e+01 7.248249e+01
1.392042e+02 0.000000e+00 -4.105350e+01 1.802577e+02
-1.932538e+02 -9.312702e+01 -1.400827e+02 -1.462981e+02
-3.870996e+02 9.312702e+01 5.090114e+01 -3.448737e+02
-1.758812e+02 9.312702e+01 -1.565930e+01 -6.709492e+01
2.013232e+02 -9.312702e+01 -8.104013e+01 1.892363e+02
9.885531e+01 0.000000e+00 1.071404e+02 -8.285063e+00
6.897158e+01 0.000000e+00 -4.273329e+00 7.324491e+01
-1.274002e+02 -9.312702e+01 -1.033025e+02 -1.172247e+02
-1.666639e+01 9.312702e+01 8.768130e+01 -1.122067e+01
