5.279654e+01 2.551770e+02
-2.540139e+02 -9.872132e+01
1.488995e+02 1.938249e+02
1.391001e+01 -4.994966e+01
1.917556e+02 1.804480e+02
6.786768e+01 -1.350155e+01
2.569322e+02 1.679483e+02
-2.374310e+02 -1.859500e+02
1.647276e+01 1.065963e+02
-1.979809e+02 -1.371783e+02
1.980674e+02 9.321930e+01
-1.080370e+02 -1.007302e+02
4.142410e+02 2.445698e+02
-4.059816e+01 -1.093285e+02
2.145212e+02 1.832178e+02
-1.032915e+02 -6.055684e+01
6.671979e-01 1.698408e+02
-2.062456e+01 -2.410873e+01
3.582448e+02 2.192336e+02
-1.151434e+02 -1.346647e+02
3.288322e+02 1.578815e+02
-9.368205e+01 -8.589308e+01
-8.693933e+00 1.445045e+02
-1.054098e+02 -4.944496e+01
-6.250639e+01 1.948903e+02
-4.137852e+02 -1.590080e+02
9.733134e+01 1.335382e+02
-3.718716e+01 -1.102364e+02
2.563191e+02 1.201612e+02
-9.016196e+01 -7.378827e+01
3.042042e+02 1.679464e+02
1.493446e+02 -1.859519e+02
9.979047e+01 1.065944e+02
-3.703713e+02 -1.371802e+02
2.889655e+01 9.321739e+01
-2.897831e+02 -1.007321e+02
4.824934e+01 2.189537e+02
-5.193369e+02 -1.349446e+02
3.453858e+01 1.576017e+02
-3.149526e+02 -8.617295e+01
1.845985e+02 1.442247e+02
3.412796e+02 -4.972483e+01
3.518661e+02 2.354277e+02
-9.253021e+02 -1.184706e+02
3.848325e+02 1.740756e+02
3.534215e+02 -6.969896e+01
1.084617e+02 1.606987e+02
-4.460767e+02 -3.325085e+01
2.062527e+02 2.218252e+02
2.455472e+01 -1.320732e+02
2.178777e+02 1.604731e+02
-6.429755e+01 -8.330151e+01
5.709663e+01 1.470961e+02
-7.317813e+01 -4.685339e+01
