-2.476106e+02 1.095083e+02 1.627469e+01 -1.543770e+02
-7.176726e+01 -1.095083e+02 -9.349425e+01 -8.778133e+01
-3.534254e+02 -1.095083e+02 -1.930564e+02 -2.698773e+02
2.715090e+02 1.095083e+02 4.394106e+01 3.370763e+02
-9.971273e+01 0.000000e+00 3.473580e+01 -1.344485e+02
1.637579e+02 0.000000e+00 -3.855030e+01 2.023082e+02
2.894313e+01 1.095083e+02 5.965809e+00 1.324856e+02
1.009978e+00 -1.095083e+02 -1.038031e+02 -4.695218e+00
-1.592149e+02 -1.095083e+02 -2.033653e+02 -6.535793e+01
-1.139637e+02 1.095083e+02 3.363218e+01 -3.808756e+01
9.099830e+01 0.000000e+00 2.442692e+01 6.657138e+01
2.435009e+01 0.000000e+00 -4.885918e+01 7.320927e+01
5.283827e+02 1.095083e+02 5.799772e+01 5.798933e+02
-9.372908e+01 -1.095083e+02 -5.177122e+01 -1.514662e+02
-1.296281e+02 -1.095083e+02 -1.513334e+02 -8.780304e+01
-9.921212e+01 1.095083e+02 8.566409e+01 -7.536789e+01
2.887458e+02 0.000000e+00 7.645883e+01 2.122870e+02
1.659000e+01 0.000000e+00 3.172727e+00 1.341728e+01
2.005416e+02 1.095083e+02 1.644986e+02 1.455513e+02
2.269089e+02 -1.095083e+02 5.472963e+01 6.267094e+01
-9.282630e+01 -1.095083e+02 -4.483251e+01 -1.575021e+02
7.357229e+01 1.095083e+02 1.921649e+02 -9.084328e+00
3.686531e+02 0.000000e+00 1.829597e+02 1.856934e+02
-3.291755e+01 0.000000e+00 1.096736e+02 -1.425911e+02
1.665508e+01 1.095083e+02 9.287880e+01 3.328460e+01
2.596193e+01 -1.095083e+02 -1.689014e+01 -6.665626e+01
-1.252418e+02 -1.095083e+02 -1.164523e+02 -1.182978e+02
1.100397e+02 1.095083e+02 1.205452e+02 9.900289e+01
1.480382e+02 0.000000e+00 1.113399e+02 3.669825e+01
3.970926e+01 0.000000e+00 3.805381e+01 1.655453e+00
6.875349e+01 1.095083e+02 6.544938e+01 1.128124e+02
-1.078728e+02 -1.095083e+02 -4.431956e+01 -1.730615e+02
-1.672493e+02 -1.095083e+02 -1.438817e+02 -1.328759e+02
1.944227e+02 1.095083e+02 9.311575e+01 2.108152e+02
7.571696e+01 0.000000e+00 8.391049e+01 -8.193527e+00
7.021765e+01 0.000000e+00 1.062439e+01 5.959326e+01
3.151461e+02 1.095083e+02 9.649525e+01 3.281592e+02
-1.114262e+02 -1.095083e+02 -1.327369e+01 -2.076608e+02
-7.286368e+01 -1.095083e+02 -1.128358e+02 -6.953617e+01
2.365625e+02 1.095083e+02 1.241616e+02 2.219092e+02
5.092187e+01 0.000000e+00 1.149564e+02 -6.403449e+01
-2.207798e+01 0.000000e+00 4.167026e+01 -6.374824e+01
-2.408816e+02 1.095083e+02 5.960083e-02 -1.314329e+02
-2.896497e+02 -1.095083e+02 -1.097093e+02 -2.894487e+02
-2.350446e+02 -1.095083e+02 -2.092715e+02 -1.352815e+02
4.398386e+02 1.095083e+02 2.772598e+01 5.216209e+02
3.024090e+00 0.000000e+00 1.852071e+01 -1.549662e+01
-1.491543e+02 0.000000e+00 -5.476539e+01 -9.438892e+01
8.970168e+01 1.095083e+02 2.135099e+01 1.778590e+02
-6.424960e+01 -1.095083e+02 -8.841795e+01 -8.533997e+01
4.303312e+01 -1.095083e+02 -1.879801e+02 1.215049e+02
8.498190e+01 1.095083e+02 4.901736e+01 1.454729e+02
-8.819430e+01 0.000000e+00 3.981210e+01 -1.280064e+02
-8.758199e+01 0.000000e+00 -3.347400e+01 -5.410799e+01
