-2.200607e+02 -1.124354e+02 -1.996994e+02 -1.327967e+02
-2.812693e+02 -1.124354e+02 -1.250360e+02 -2.686687e+02
-2.046987e+02 0.000000e+00 -7.803456e+01 -1.266641e+02
8.434689e+01 0.000000e+00 2.840348e+01 5.594341e+01
1.515816e+02 1.124354e+02 4.725774e+01 2.167593e+02
1.767244e+02 1.124354e+02 1.028652e+02 1.862946e+02
-2.285724e+02 -1.124354e+02 -2.323747e+02 -1.086331e+02
-1.403713e+02 -1.124354e+02 -1.577113e+02 -9.509539e+01
2.554370e+01 0.000000e+00 -1.107099e+02 1.362536e+02
1.313626e+01 0.000000e+00 -4.271814e+00 1.740807e+01
-1.310342e+02 1.124354e+02 1.458244e+01 -3.318127e+01
1.598153e+02 1.124354e+02 7.018991e+01 2.020607e+02
-2.122950e+02 -1.124354e+02 -2.369635e+02 -8.776687e+01
-1.301924e+02 -1.124354e+02 -1.623001e+02 -8.032765e+01
-1.913640e+02 0.000000e+00 -1.152987e+02 -7.606525e+01
-1.742054e+01 0.000000e+00 -8.860659e+00 -8.559881e+00
-2.543035e+02 1.124354e+02 9.993598e+00 -1.518617e+02
1.487708e+02 1.124354e+02 6.560107e+01 1.956051e+02
-3.574572e+02 -1.124354e+02 -2.835871e+02 -1.863054e+02
-2.837971e+02 -1.124354e+02 -2.089237e+02 -1.873087e+02
-3.067133e+02 0.000000e+00 -1.619223e+02 -1.447910e+02
-5.783997e+00 0.000000e+00 -5.548424e+01 4.970024e+01
-8.231524e+00 1.124354e+02 -3.662998e+01 1.408339e+02
1.764597e+02 1.124354e+02 1.897749e+01 2.699176e+02
-1.333084e+01 -1.124354e+02 -2.488752e+02 1.231089e+02
4.464766e+01 -1.124354e+02 -1.742117e+02 1.064240e+02
-1.282923e+02 0.000000e+00 -1.272103e+02 -1.081985e+00
-1.204284e+01 0.000000e+00 -2.077227e+01 8.729428e+00
-1.028291e+02 1.124354e+02 -1.918015e+00 1.152431e+01
-2.939153e+01 1.124354e+02 5.368945e+01 2.935441e+01
-2.658944e+02 -1.124354e+02 -5.783490e+01 -3.204949e+02
-2.360224e+02 -1.124354e+02 1.682853e+01 -3.652863e+02
1.674871e+02 0.000000e+00 6.382996e+01 1.036572e+02
2.197238e+02 0.000000e+00 1.702680e+02 4.945579e+01
2.476077e+02 1.124354e+02 1.891223e+02 1.709208e+02
4.152242e+02 1.124354e+02 2.447297e+02 2.829298e+02
-8.225263e+02 -1.124354e+02 -1.110738e+02 -8.238879e+02
1.189853e+02 -1.124354e+02 -3.641037e+01 4.296032e+01
2.472693e+02 0.000000e+00 1.059106e+01 2.366783e+02
-1.663320e+02 0.000000e+00 1.170291e+02 -2.833611e+02
5.326072e+02 1.124354e+02 1.358834e+02 5.091593e+02
-1.259091e+02 1.124354e+02 1.914908e+02 -2.049645e+02
5.502407e+01 -1.124354e+02 -2.734741e+02 2.160627e+02
-1.519521e+02 -1.124354e+02 -1.988106e+02 -6.557683e+01
-2.882237e+02 0.000000e+00 -1.518092e+02 -1.364145e+02
-1.077925e+02 0.000000e+00 -4.537116e+01 -6.242138e+01
-6.500552e+01 1.124354e+02 -2.651691e+01 7.394678e+01
4.580888e+01 1.124354e+02 2.909056e+01 1.291537e+02
-2.606083e+02 -1.124354e+02 -2.287604e+02 -1.442833e+02
-4.860125e+01 -1.124354e+02 -1.540970e+02 -6.939649e+00
-1.085557e+02 0.000000e+00 -1.070956e+02 -1.460167e+00
-3.453096e+01 0.000000e+00 -6.575260e-01 -3.387343e+01
8.258875e+01 1.124354e+02 1.819673e+01 1.768274e+02
-3.638408e+01 1.124354e+02 7.380420e+01 2.247119e+00
