7.990257e+01 -2.449411e+02 -1.222922e+02 -4.274634e+01
-5.215185e+02 -2.449411e+02 -2.561309e+02 -5.103288e+02
-1.644355e+02 0.000000e+00 -1.527883e+02 -1.164717e+01
-2.572656e+02 0.000000e+00 -1.914149e+02 -6.585065e+01
2.369633e+02 2.449411e+02 1.347760e+02 3.471284e+02
-1.430494e+02 2.449411e+02 2.387342e+02 -1.368425e+02
-2.873423e+02 -2.449411e+02 -8.767849e+01 -4.446049e+02
-6.489363e+02 -2.449411e+02 -2.215171e+02 -6.723603e+02
2.423425e+02 0.000000e+00 -1.181745e+02 3.605171e+02
-1.328835e+02 0.000000e+00 -1.568012e+02 2.391762e+01
-5.276944e+01 2.449411e+02 1.693898e+02 2.278190e+01
4.287232e+02 2.449411e+02 2.733480e+02 4.003164e+02
-4.220083e+02 -2.449411e+02 -3.823624e+02 -2.845870e+02
-5.703206e+02 -2.449411e+02 -5.162011e+02 -2.990607e+02
-5.661360e+02 0.000000e+00 -4.128585e+02 -1.532776e+02
-7.146896e+02 0.000000e+00 -4.514851e+02 -2.632045e+02
1.358468e+01 2.449411e+02 -1.252941e+02 3.838200e+02
2.127855e+02 2.449411e+02 -2.133596e+01 4.790626e+02
-2.682805e+02 -2.449411e+02 -1.753096e+02 -3.379121e+02
-8.126849e+01 -2.449411e+02 -3.091482e+02 -1.706146e+01
-2.438719e+02 0.000000e+00 -2.058056e+02 -3.806629e+01
-1.154831e+02 0.000000e+00 -2.444322e+02 1.289492e+02
4.541742e+01 2.449411e+02 8.175874e+01 2.085998e+02
5.083955e+02 2.449411e+02 1.857169e+02 5.676197e+02
-7.061138e+02 -2.449411e+02 -1.718935e+02 -7.791614e+02
-4.352177e+02 -2.449411e+02 -3.057322e+02 -3.744267e+02
-2.470459e+02 0.000000e+00 -2.023896e+02 -4.465636e+01
-1.795566e+02 0.000000e+00 -2.410162e+02 6.145959e+01
2.176513e+02 2.449411e+02 8.517476e+01 3.774177e+02
1.306845e+02 2.449411e+02 1.891329e+02 1.864927e+02
1.257450e+02 -2.449411e+02 1.500457e+02 -2.692418e+02
3.942926e+02 -2.449411e+02 1.620707e+01 1.331444e+02
-3.921734e+01 0.000000e+00 1.195497e+02 -1.587670e+02
-1.908900e+02 0.000000e+00 8.092302e+01 -2.718131e+02
2.979898e+02 2.449411e+02 4.071140e+02 1.358170e+02
8.354587e+02 2.449411e+02 5.110722e+02 5.693277e+02
1.357268e+02 -2.449411e+02 -2.303769e+02 1.211625e+02
-5.918430e+02 -2.449411e+02 -3.642155e+02 -4.725686e+02
5.180166e+01 0.000000e+00 -2.608729e+02 3.126746e+02
-2.952060e+01 0.000000e+00 -2.994996e+02 2.699790e+02
-5.187350e+02 2.449411e+02 2.669139e+01 -3.004852e+02
1.480426e+02 2.449411e+02 1.306496e+02 2.623342e+02
5.013819e+02 -2.449411e+02 -2.467831e+02 5.032238e+02
-7.860040e+02 -2.449411e+02 -3.806217e+02 -6.503235e+02
1.261083e+01 0.000000e+00 -2.772791e+02 2.898899e+02
-1.834624e+02 0.000000e+00 -3.159057e+02 1.324433e+02
1.531983e+02 2.449411e+02 1.028522e+01 3.878542e+02
-4.153450e+02 2.449411e+02 1.142434e+02 -2.846473e+02
-8.443079e+01 -2.449411e+02 -2.542281e+02 -7.514379e+01
2.064980e+02 -2.449411e+02 -3.880668e+02 3.496236e+02
-4.420421e+02 0.000000e+00 -2.847242e+02 -1.573179e+02
-5.799231e+02 0.000000e+00 -3.233508e+02 -2.565723e+02
2.467712e+02 2.449411e+02 2.840152e+00 4.888722e+02
-1.640490e+02 2.449411e+02 1.067983e+02 -2.590620e+01
