2.774817e+01 -1.030085e+02 -9.041198e+01 1.515161e+01
-1.118249e+02 -1.030085e+02 -9.880267e+01 -1.160308e+02
9.443379e+01 1.030085e+02 1.279180e+02 6.952429e+01
5.127774e+01 1.030085e+02 7.771744e+01 7.656883e+01
-8.292288e+01 0.000000e+00 -6.132410e+00 -7.679047e+01
1.047662e+02 0.000000e+00 -1.143318e+01 1.161993e+02
-3.008503e+02 -1.030085e+02 -1.200972e+02 -2.837616e+02
1.737705e+02 -1.030085e+02 -1.284879e+02 1.992499e+02
-5.982682e+01 1.030085e+02 9.823279e+01 -5.505108e+01
5.504758e+01 1.030085e+02 4.803219e+01 1.100239e+02
-3.887955e+01 0.000000e+00 -3.581766e+01 -3.061894e+00
2.918953e+01 0.000000e+00 -4.111842e+01 7.030796e+01
-6.725963e+01 -1.030085e+02 -3.387768e+01 -1.363905e+02
-3.549097e+02 -1.030085e+02 -4.226837e+01 -4.156498e+02
4.070983e+02 1.030085e+02 1.844523e+02 3.256545e+02
1.457784e+02 1.030085e+02 1.342517e+02 1.145352e+02
3.372664e+01 0.000000e+00 5.040189e+01 -1.667524e+01
-5.882191e+01 0.000000e+00 4.510112e+01 -1.039230e+02
-4.313461e+01 -1.030085e+02 -2.362714e+02 9.012831e+01
-1.414735e+02 -1.030085e+02 -2.446621e+02 1.801281e-01
-4.933629e+01 1.030085e+02 -1.794144e+01 7.161368e+01
5.500429e+00 1.030085e+02 -6.814203e+01 1.766510e+02
-2.800533e+02 0.000000e+00 -1.519919e+02 -1.280614e+02
-1.267160e+02 0.000000e+00 -1.572926e+02 3.057662e+01
-1.740542e+02 -1.030085e+02 -1.167819e+02 -1.602808e+02
-1.000522e+02 -1.030085e+02 -1.251726e+02 -7.788812e+01
1.022216e+02 1.030085e+02 1.015481e+02 1.036820e+02
4.205555e+01 1.030085e+02 5.134747e+01 9.371660e+01
4.955121e+01 0.000000e+00 -3.250238e+01 8.205359e+01
-1.352227e+02 0.000000e+00 -3.780314e+01 -9.741959e+01
-7.388260e+01 -1.030085e+02 -1.751637e+02 -1.727432e+00
-3.625147e+02 -1.030085e+02 -1.835544e+02 -2.819689e+02
8.309570e+01 1.030085e+02 4.316631e+01 1.429379e+02
-5.380872e+01 1.030085e+02 -7.034279e+00 5.623409e+01
-6.938939e+01 0.000000e+00 -9.088413e+01 2.149474e+01
-1.115806e+02 0.000000e+00 -9.618490e+01 -1.539569e+01
-3.821212e+02 -1.030085e+02 -7.587986e+01 -4.092499e+02
-5.720517e+01 -1.030085e+02 -8.427055e+01 -7.594315e+01
1.165727e+02 1.030085e+02 1.424502e+02 7.713103e+01
3.488916e+02 1.030085e+02 9.224956e+01 3.596506e+02
-8.517677e+00 0.000000e+00 8.399709e+00 -1.691739e+01
-6.320454e+01 0.000000e+00 3.098943e+00 -6.630348e+01
-3.468388e+01 -1.030085e+02 -1.358817e+02 -1.810696e+00
9.948983e+00 -1.030085e+02 -1.442724e+02 5.121286e+01
5.652501e+01 1.030085e+02 8.244830e+01 7.708524e+01
-5.075285e+01 1.030085e+02 3.224771e+01 2.000797e+01
1.371054e+01 0.000000e+00 -5.160214e+01 6.531269e+01
-1.350540e+02 0.000000e+00 -5.690291e+01 -7.815108e+01
-2.058179e+02 -1.030085e+02 -1.632319e+02 -1.455945e+02
-4.059207e+02 -1.030085e+02 -1.716226e+02 -3.373067e+02
9.924187e+01 1.030085e+02 5.509814e+01 1.471523e+02
-9.518691e+01 1.030085e+02 4.897552e+00 2.924065e+00
-1.236233e+01 0.000000e+00 -7.895230e+01 6.658997e+01
-7.119993e+00 0.000000e+00 -8.425306e+01 7.713307e+01
