7.656854e+01 7.965086e+01
-3.161444e+00 1.787950e+02
-2.203224e+01 -7.903382e+01
-3.306114e+02 -2.046528e+02
-1.159942e+02 -1.083991e+02
1.542311e+01 -3.724603e+01
2.055704e+02 1.065697e+02
2.422385e+02 2.057139e+02
3.614355e+01 -5.211495e+01
-9.997948e+01 -1.777339e+02
-2.140201e+02 -8.148021e+01
-4.641089e+01 -1.032715e+01
-2.894669e+01 9.415216e+01
-3.143901e+02 1.932963e+02
8.500844e+01 -6.453253e+01
-5.444712e+01 -1.901515e+02
-1.323702e+02 -9.389779e+01
-1.266788e+02 -2.274473e+01
4.693452e+02 2.873941e+02
6.454683e+02 3.865383e+02
4.914450e+01 1.287095e+02
-2.284873e+02 3.090529e+00
1.865859e+02 9.934420e+01
1.847633e+02 1.704973e+02
2.647989e+02 2.762719e+02
2.771275e+02 3.754160e+02
1.471938e+02 1.175872e+02
-9.485848e+01 -8.031724e+00
1.737499e+02 8.822195e+01
1.310436e+02 1.593750e+02
-9.191063e+01 3.863861e+01
1.409562e+02 1.377828e+02
-4.826579e+01 -1.200461e+02
-2.327258e+02 -2.456650e+02
-2.205402e+02 -1.494113e+02
8.243187e+00 -7.825828e+01
1.435405e+02 1.242215e+02
5.114517e+02 2.233656e+02
-5.005599e+02 -3.446322e+01
-9.477798e+01 -1.600822e+02
-1.181264e+02 -6.382848e+01
2.755872e+02 7.324573e+00
1.619415e+02 -1.463443e+02
4.442889e+02 -4.720020e+01
-2.516946e+02 -3.050290e+02
6.548422e+00 -4.306480e+02
-9.963396e+01 -3.343943e+02
-1.057293e+03 -2.632412e+02
1.536549e+02 2.008264e+02
4.167843e+02 2.999705e+02
-8.330568e+00 4.214169e+01
-3.513546e+01 -8.347724e+01
5.378544e+01 1.277643e+01
1.494506e+01 8.392948e+01
