1.573595e+02 1.816620e+02
-5.368306e+01 -4.031201e+01
8.894677e+01 8.529299e+01
7.318718e+01 -3.806895e+01
-1.267674e+02 -1.143824e+01
1.526024e+02 1.055059e+02
3.157527e+02 1.904566e+02
-8.048435e+01 -3.151742e+01
1.229054e+02 9.408759e+01
-8.054492e+01 -2.927435e+01
3.402663e+01 -2.643638e+00
9.475552e+01 1.143005e+02
1.196007e+02 1.630602e+02
2.389373e+01 -5.891385e+01
8.187101e+01 6.669115e+01
-1.243028e+01 -5.667079e+01
-3.536618e+01 -3.004007e+01
3.507579e+01 8.690403e+01
-9.723823e+01 1.654396e+02
-2.180899e+02 -5.653441e+01
3.784913e+01 6.907059e+01
2.843155e+01 -5.429135e+01
9.952558e+00 -2.766063e+01
1.090237e+02 8.928347e+01
4.004907e+02 1.756073e+02
6.123653e+01 -4.636673e+01
1.602542e+02 7.923828e+01
-9.590687e+01 -4.412366e+01
-4.703984e+01 -1.749295e+01
3.739854e+01 9.945115e+01
1.319320e+02 1.949270e+02
4.287778e+01 -2.704703e+01
3.026555e+00 9.855797e+01
-1.124596e+02 -2.480396e+01
5.925747e+01 1.826748e+00
1.989540e+02 1.187708e+02
2.689143e+02 1.133082e+02
-2.918689e+02 -1.086658e+02
6.119442e+01 1.693921e+01
-7.990291e+01 -1.064227e+02
-1.366233e+02 -7.979201e+01
4.151495e+01 3.715209e+01
-1.660819e+02 1.531993e+02
4.081458e+01 -6.877471e+01
2.681129e+01 5.683030e+01
2.684853e+01 -6.653164e+01
2.008494e+00 -3.990093e+01
1.611279e+01 7.704317e+01
1.011640e+02 1.533084e+02
-1.363199e+01 -6.866561e+01
2.381176e+00 5.693940e+01
-1.525779e+02 -6.642254e+01
-2.469001e+00 -3.979183e+01
1.524822e+02 7.715227e+01
