1.407868e+02 -7.973634e+01 9.149535e+01 -3.044492e+01
2.823299e+01 7.973634e+01 4.607356e+02 -3.527662e+02
1.960466e+02 -7.973634e+01 1.833654e+02 -6.705516e+01
4.566692e+02 7.973634e+01 2.568534e+02 2.795522e+02
2.219374e+02 -7.973634e+01 2.104305e+02 -6.822940e+01
1.278864e+02 7.973634e+01 2.461203e+02 -3.849763e+01
-1.797901e+02 -7.973634e+01 -1.284106e+02 -1.311159e+02
1.272948e+02 7.973634e+01 2.408296e+02 -3.379844e+01
5.876963e+01 -7.973634e+01 -3.654059e+01 1.557387e+01
-1.346038e+01 7.973634e+01 3.694739e+01 2.932858e+01
-5.534645e+01 -7.973634e+01 -9.475513e+00 -1.256073e+02
7.542295e+01 7.973634e+01 2.621435e+01 1.289449e+02
-1.854266e+02 -7.973634e+01 -1.671503e+02 -9.801264e+01
4.206344e+01 7.973634e+01 2.020899e+02 -8.029012e+01
-8.884475e+01 -7.973634e+01 -7.528029e+01 -9.330081e+01
1.386734e+01 7.973634e+01 -1.792311e+00 9.539600e+01
-2.995495e+01 -7.973634e+01 -4.821521e+01 -6.147608e+01
1.727129e+00 7.973634e+01 -1.252534e+01 9.398882e+01
3.584803e+01 -7.973634e+01 -1.285240e+02 8.463568e+01
6.713799e+02 7.973634e+01 2.407162e+02 5.104000e+02
-2.463881e+02 -7.973634e+01 -3.665396e+01 -2.894705e+02
-7.865476e+01 7.973634e+01 3.683401e+01 -3.575243e+01
1.069364e+01 -7.973634e+01 -9.588886e+00 -5.945381e+01
1.013737e+02 7.973634e+01 2.610098e+01 1.550091e+02
-3.248406e+01 -7.973634e+01 1.425062e+01 -1.264710e+02
4.803863e+02 7.973634e+01 3.834908e+02 1.766318e+02
1.201573e+02 -7.973634e+01 1.061206e+02 -6.569969e+01
1.726235e+02 7.973634e+01 1.796086e+02 7.275124e+01
1.661187e+02 -7.973634e+01 1.331857e+02 -4.680333e+01
1.017098e+02 7.973634e+01 1.688756e+02 1.257058e+01
-4.307357e+02 -7.973634e+01 -2.142481e+02 -2.962240e+02
4.571754e+02 7.973634e+01 1.549921e+02 3.819196e+02
-2.375591e+02 -7.973634e+01 -1.223781e+02 -1.949173e+02
4.952148e+00 7.973634e+01 -4.889010e+01 1.335786e+02
1.447278e+01 -7.973634e+01 -9.531300e+01 3.004943e+01
-1.593852e+02 7.973634e+01 -5.962313e+01 -2.002571e+01
-9.582167e+01 -7.973634e+01 -1.871159e+02 1.155787e+01
-1.468518e+02 7.973634e+01 1.821243e+02 -2.492398e+02
1.652071e+01 -7.973634e+01 -9.524585e+01 3.203021e+01
-6.277353e+01 7.973634e+01 -2.175787e+01 3.872069e+01
-1.414227e+02 -7.973634e+01 -6.818077e+01 -1.529783e+02
4.051289e+01 7.973634e+01 -3.249091e+01 1.527401e+02
-6.253335e+01 -7.973634e+01 -1.051167e+02 -3.715303e+01
1.111716e+01 7.973634e+01 2.641236e+02 -1.732701e+02
9.142414e+00 -7.973634e+01 -1.324663e+01 -5.734730e+01
2.242705e+01 7.973634e+01 6.024135e+01 4.192204e+01
3.716582e+01 -7.973634e+01 1.381845e+01 -5.638897e+01
5.422631e+01 7.973634e+01 4.950831e+01 8.445434e+01
2.649545e+02 -7.973634e+01 1.075225e+02 7.769572e+01
5.281868e+02 7.973634e+01 4.767627e+02 1.311605e+02
1.607981e+02 -7.973634e+01 1.993925e+02 -1.183307e+02
3.344492e+02 7.973634e+01 2.728805e+02 1.413051e+02
1.043311e+02 -7.973634e+01 2.264576e+02 -2.018629e+02
3.632192e+02 7.973634e+01 2.621474e+02 1.808081e+02
