1.462696e+02 1.337191e+02
3.326788e+02 2.230404e+02
7.512926e+01 4.847103e+00
1.558475e+02 1.967197e+01
-2.798484e+02 -9.274426e+01
6.825270e+01 -1.096752e+01
-2.478068e+02 4.086737e+01
1.014698e+01 1.301887e+02
-1.382492e+01 -8.800462e+01
-4.530438e+01 -7.317975e+01
-2.231964e+02 -1.855960e+02
1.541110e+01 -1.038193e+02
1.521745e+02 1.181240e+02
-1.043839e+02 2.074453e+02
4.411277e+01 -1.074804e+01
1.102941e+02 4.076830e+00
-6.252012e+01 -1.083394e+02
-1.447867e+02 -2.656267e+01
2.280722e+02 1.764393e+02
6.985305e+02 2.657607e+02
-5.672270e+01 4.756732e+01
-7.675090e+01 6.239219e+01
8.038681e+01 -5.002405e+01
-5.143980e+01 3.175269e+01
4.680308e+02 2.262691e+02
2.474272e+02 3.155904e+02
8.781935e+01 9.739710e+01
9.252605e+01 1.122220e+02
-4.102513e+01 -1.942696e-01
1.178657e+02 8.158247e+01
1.916270e+02 1.384041e+02
1.876825e+02 2.277255e+02
-3.125606e+00 9.532140e+00
-1.435798e+01 2.435701e+01
-8.768194e+01 -8.805923e+01
1.415774e+01 -6.282486e+00
8.546118e+01 1.324799e+02
5.497812e+02 2.218013e+02
-1.645754e+02 3.607914e+00
-2.008743e+01 1.843278e+01
-6.082235e+01 -9.398345e+01
1.012917e+01 -1.220671e+01
1.408880e+02 1.485735e+01
1.670582e+02 1.041787e+02
-2.221138e+01 -1.140146e+02
-6.641211e+01 -9.918978e+01
-1.398374e+02 -2.116060e+02
-4.080137e+02 -1.298293e+02
-4.192690e+01 8.170481e+01
2.466555e+02 1.710262e+02
-8.365095e+01 -4.716719e+01
-3.391280e+01 -3.234232e+01
-1.295022e+02 -1.447586e+02
-1.315664e+01 -6.298181e+01
