1.407868e+02 9.149535e+01
2.823299e+01 4.607356e+02
1.960466e+02 1.833654e+02
4.566692e+02 2.568534e+02
2.219374e+02 2.104305e+02
1.278864e+02 2.461203e+02
-1.797901e+02 -1.284106e+02
1.272948e+02 2.408296e+02
5.876963e+01 -3.654059e+01
-1.346038e+01 3.694739e+01
-5.534645e+01 -9.475513e+00
7.542295e+01 2.621435e+01
-1.854266e+02 -1.671503e+02
4.206344e+01 2.020899e+02
-8.884475e+01 -7.528029e+01
1.386734e+01 -1.792311e+00
-2.995495e+01 -4.821521e+01
1.727129e+00 -1.252534e+01
3.584803e+01 -1.285240e+02
6.713799e+02 2.407162e+02
-2.463881e+02 -3.665396e+01
-7.865476e+01 3.683401e+01
1.069364e+01 -9.588886e+00
1.013737e+02 2.610098e+01
-3.248406e+01 1.425062e+01
4.803863e+02 3.834908e+02
1.201573e+02 1.061206e+02
1.726235e+02 1.796086e+02
1.661187e+02 1.331857e+02
1.017098e+02 1.688756e+02
-4.307357e+02 -2.142481e+02
4.571754e+02 1.549921e+02
-2.375591e+02 -1.223781e+02
4.952148e+00 -4.889010e+01
1.447278e+01 -9.531300e+01
-1.593852e+02 -5.962313e+01
-9.582167e+01 -1.871159e+02
-1.468518e+02 1.821243e+02
1.652071e+01 -9.524585e+01
-6.277353e+01 -2.175787e+01
-1.414227e+02 -6.818077e+01
4.051289e+01 -3.249091e+01
-6.253335e+01 -1.051167e+02
1.111716e+01 2.641236e+02
9.142414e+00 -1.324663e+01
2.242705e+01 6.024135e+01
3.716582e+01 1.381845e+01
5.422631e+01 4.950831e+01
2.649545e+02 1.075225e+02
5.281868e+02 4.767627e+02
1.607981e+02 1.993925e+02
3.344492e+02 2.728805e+02
1.043311e+02 2.264576e+02
3.632192e+02 2.621474e+02
