1.573595e+02 9.653736e+01 1.816620e+02 7.223484e+01
-5.368306e+01 -9.653736e+01 -4.031201e+01 -1.099084e+02
8.894677e+01 0.000000e+00 8.529299e+01 3.653780e+00
7.318718e+01 0.000000e+00 -3.806895e+01 1.112561e+02
-1.267674e+02 -9.653736e+01 -1.143824e+01 -2.118665e+02
1.526024e+02 9.653736e+01 1.055059e+02 1.436339e+02
3.157527e+02 9.653736e+01 1.904566e+02 2.218334e+02
-8.048435e+01 -9.653736e+01 -3.151742e+01 -1.455043e+02
1.229054e+02 0.000000e+00 9.408759e+01 2.881779e+01
-8.054492e+01 0.000000e+00 -2.927435e+01 -5.127057e+01
3.402663e+01 -9.653736e+01 -2.643638e+00 -5.986709e+01
9.475552e+01 9.653736e+01 1.143005e+02 7.699242e+01
1.196007e+02 9.653736e+01 1.630602e+02 5.307787e+01
2.389373e+01 -9.653736e+01 -5.891385e+01 -1.372978e+01
8.187101e+01 0.000000e+00 6.669115e+01 1.517986e+01
-1.243028e+01 0.000000e+00 -5.667079e+01 4.424051e+01
-3.536618e+01 -9.653736e+01 -3.004007e+01 -1.018635e+02
3.507579e+01 9.653736e+01 8.690403e+01 4.470912e+01
-9.723823e+01 9.653736e+01 1.654396e+02 -1.661405e+02
-2.180899e+02 -9.653736e+01 -5.653441e+01 -2.580929e+02
3.784913e+01 0.000000e+00 6.907059e+01 -3.122146e+01
2.843155e+01 0.000000e+00 -5.429135e+01 8.272289e+01
9.952558e+00 -9.653736e+01 -2.766063e+01 -5.892417e+01
1.090237e+02 9.653736e+01 8.928347e+01 1.162776e+02
4.004907e+02 9.653736e+01 1.756073e+02 3.214208e+02
6.123653e+01 -9.653736e+01 -4.636673e+01 1.106590e+01
1.602542e+02 0.000000e+00 7.923828e+01 8.101597e+01
-9.590687e+01 0.000000e+00 -4.412366e+01 -5.178321e+01
-4.703984e+01 -9.653736e+01 -1.749295e+01 -1.260843e+02
3.739854e+01 9.653736e+01 9.945115e+01 3.448476e+01
1.319320e+02 9.653736e+01 1.949270e+02 3.354232e+01
4.287778e+01 -9.653736e+01 -2.704703e+01 -2.661255e+01
3.026555e+00 0.000000e+00 9.855797e+01 -9.553142e+01
-1.124596e+02 0.000000e+00 -2.480396e+01 -8.765568e+01
5.925747e+01 -9.653736e+01 1.826748e+00 -3.910664e+01
1.989540e+02 9.653736e+01 1.187708e+02 1.767205e+02
2.689143e+02 9.653736e+01 1.133082e+02 2.521434e+02
-2.918689e+02 -9.653736e+01 -1.086658e+02 -2.797405e+02
6.119442e+01 0.000000e+00 1.693921e+01 4.425520e+01
-7.990291e+01 0.000000e+00 -1.064227e+02 2.651982e+01
-1.366233e+02 -9.653736e+01 -7.979201e+01 -1.533686e+02
4.151495e+01 9.653736e+01 3.715209e+01 1.009002e+02
-1.660819e+02 9.653736e+01 1.531993e+02 -2.227439e+02
4.081458e+01 -9.653736e+01 -6.877471e+01 1.305193e+01
2.681129e+01 0.000000e+00 5.683030e+01 -3.001900e+01
2.684853e+01 0.000000e+00 -6.653164e+01 9.338017e+01
2.008494e+00 -9.653736e+01 -3.990093e+01 -5.462794e+01
1.611279e+01 9.653736e+01 7.704317e+01 3.560698e+01
1.011640e+02 9.653736e+01 1.533084e+02 4.439298e+01
-1.363199e+01 -9.653736e+01 -6.866561e+01 -4.150374e+01
2.381176e+00 0.000000e+00 5.693940e+01 -5.455822e+01
-1.525779e+02 0.000000e+00 -6.642254e+01 -8.615538e+01
-2.469001e+00 -9.653736e+01 -3.979183e+01 -5.921453e+01
1.524822e+02 9.653736e+01 7.715227e+01 1.718673e+02
