1.754476e+02 1.387939e+02 2.381417e+02 7.609985e+01
-2.578487e+02 -1.387939e+02 -1.255071e+02 -2.711355e+02
-3.827858e+01 -1.387939e+02 4.006706e+01 -2.171396e+02
3.309433e+02 1.387939e+02 2.262085e+02 2.435288e+02
1.775665e+01 0.000000e+00 1.086534e+02 -9.089671e+01
1.271028e+02 0.000000e+00 1.182145e+01 1.152814e+02
1.404044e+02 1.387939e+02 1.569988e+02 1.221995e+02
-3.400922e+02 -1.387939e+02 -2.066500e+02 -2.722361e+02
7.133227e+01 -1.387939e+02 -4.107584e+01 -2.638582e+01
9.811811e+01 1.387939e+02 1.450656e+02 9.184645e+01
1.436093e+02 0.000000e+00 2.751045e+01 1.160988e+02
-2.348547e+02 0.000000e+00 -6.932145e+01 -1.655333e+02
-1.935027e+02 1.387939e+02 8.155335e+00 -6.286406e+01
-3.719606e+02 -1.387939e+02 -3.554935e+02 -1.552611e+02
-3.173336e+02 -1.387939e+02 -1.899193e+02 -2.662082e+02
3.261449e+02 1.387939e+02 -3.777893e+00 4.687167e+02
-9.080578e+01 0.000000e+00 -1.213330e+02 3.052725e+01
-3.532026e+02 0.000000e+00 -2.181649e+02 -1.350377e+02
-1.912361e+02 1.387939e+02 9.450017e+01 -1.469423e+02
-1.327349e+02 -1.387939e+02 -2.691487e+02 -2.380218e+00
3.340640e+01 -1.387939e+02 -1.035745e+02 -1.813046e+00
-3.800218e+01 1.387939e+02 8.256694e+01 1.822480e+01
-6.328532e+00 0.000000e+00 -3.498819e+01 2.865966e+01
-1.242170e+02 0.000000e+00 -1.318201e+02 7.603130e+00
3.571535e+02 1.387939e+02 5.423543e+02 -4.640685e+01
5.314310e+02 -1.387939e+02 1.787055e+02 2.139316e+02
4.146188e+02 -1.387939e+02 3.442796e+02 -6.845478e+01
3.650453e+02 1.387939e+02 5.304211e+02 -2.658186e+01
4.233317e+02 0.000000e+00 4.128659e+02 1.046581e+01
3.176565e+02 0.000000e+00 3.160340e+02 1.622452e+00
2.071021e+01 1.387939e+02 1.575017e+02 2.002485e+00
-1.292040e+02 -1.387939e+02 -2.061472e+02 -6.185073e+01
-3.055072e+02 -1.387939e+02 -4.057299e+01 -4.037281e+02
1.202234e+02 1.387939e+02 1.455684e+02 1.134489e+02
7.275259e+01 0.000000e+00 2.801330e+01 4.473929e+01
1.598792e+02 0.000000e+00 -6.881861e+01 2.286978e+02
1.529315e+02 1.387939e+02 1.155358e+02 1.761897e+02
-2.256397e+02 -1.387939e+02 -2.481130e+02 -1.163206e+02
4.542640e+01 -1.387939e+02 -8.253887e+01 -1.082866e+01
7.176261e-02 1.387939e+02 1.036026e+02 3.526314e+01
-1.282560e+02 0.000000e+00 -1.395258e+01 -1.143034e+02
-2.368422e+01 0.000000e+00 -1.107845e+02 8.710027e+01
6.488724e+02 1.387939e+02 3.963268e+01 7.480337e+02
-7.144903e+02 -1.387939e+02 -3.240161e+02 -5.292681e+02
-3.199715e+02 -1.387939e+02 -1.584420e+02 -3.003235e+02
1.159795e+02 1.387939e+02 2.769945e+01 2.270740e+02
-4.274730e+01 0.000000e+00 -8.985569e+01 4.710839e+01
-2.379935e+02 0.000000e+00 -1.866876e+02 -5.130592e+01
1.043348e+01 1.387939e+02 -1.608883e+02 3.101157e+02
-4.151049e+02 -1.387939e+02 -5.245371e+02 -2.936175e+01
-3.738965e+02 -1.387939e+02 -3.589629e+02 -1.537275e+02
1.939932e+01 1.387939e+02 -1.728215e+02 3.310147e+02
-3.626101e+02 0.000000e+00 -2.903766e+02 -7.223344e+01
-4.952671e+02 0.000000e+00 -3.872085e+02 -1.080586e+02
