-4.690353e+02 -4.526091e+02
-1.222750e+02 9.897924e+01
8.721782e+01 -9.044460e+01
1.166600e+01 3.076440e+01
-4.190719e+02 -1.759078e+02
1.227851e+02 -6.491903e+01
-1.554518e+02 -4.532049e+02
9.039921e+01 9.838340e+01
4.993784e+02 -9.104044e+01
-5.720459e+01 3.016856e+01
-6.203690e+02 -1.765036e+02
-1.851462e+02 -6.551487e+01
-3.798542e+02 -4.214622e+02
-5.288226e+01 1.301261e+02
-4.449391e+02 -5.929773e+01
1.194260e+02 6.191127e+01
7.534705e+01 -1.447609e+02
-4.600909e+01 -3.377216e+01
-4.870699e+02 -4.882486e+02
-1.567039e+01 6.333968e+01
-1.769204e+02 -1.260842e+02
-5.770496e+01 -4.875160e+00
-1.546421e+02 -2.115474e+02
-1.433524e+01 -1.005586e+02
-1.021289e+02 -2.580938e+02
5.323700e+02 2.934945e+02
-1.218240e+01 1.040706e+02
2.735857e+02 2.252796e+02
-1.631374e+02 1.860745e+01
1.806883e+02 1.295962e+02
-1.956671e+02 -3.781702e+02
4.993093e+02 1.734181e+02
-1.974492e+02 -1.600579e+01
1.363980e+01 1.052032e+02
-1.592248e+02 -1.014690e+02
1.707052e+02 9.519783e+00
-9.520897e+02 -3.453188e+02
6.090292e+02 2.062695e+02
2.601624e+02 1.684562e+01
3.302504e+02 1.380546e+02
1.670470e+02 -6.861758e+01
-1.653308e+02 4.237119e+01
-4.657873e+02 -5.120445e+01
-3.913245e+02 5.003839e+02
9.024724e+02 3.109600e+02
1.745545e+00 4.321690e+02
4.496722e+02 2.254968e+02
3.934726e+02 3.364856e+02
-4.429644e+02 -4.040951e+02
3.883076e+02 1.474932e+02
-2.641938e+02 -4.193060e+01
1.537360e+02 7.927840e+01
5.006707e+01 -1.273938e+02
-2.519953e+02 -1.640503e+01
