-3.974334e+01 -2.070868e+02 -8.700200e+01 -1.598282e+02
-2.123704e+02 -2.070868e+02 -1.594353e+02 -2.600219e+02
-1.133605e+02 2.070868e+02 1.752013e+02 -8.147497e+01
1.646316e+02 2.070868e+02 2.227163e+02 1.490021e+02
-1.474602e+02 0.000000e+00 -1.735733e+02 2.611307e+01
1.633881e+02 0.000000e+00 -2.667500e+01 1.900631e+02
-1.456593e+02 -2.070868e+02 3.975066e+00 -3.567212e+02
1.201949e+02 -2.070868e+02 -6.845824e+01 -1.843366e+01
4.115298e+02 2.070868e+02 2.661784e+02 3.524382e+02
3.277303e+02 2.070868e+02 3.136934e+02 2.211237e+02
5.765298e+01 0.000000e+00 -8.259623e+01 1.402492e+02
-3.247602e+02 0.000000e+00 6.430206e+01 -3.890623e+02
-1.713507e+02 -2.070868e+02 -1.228233e+02 -2.556142e+02
-6.306168e+02 -2.070868e+02 -1.952566e+02 -6.424470e+02
4.292546e+02 2.070868e+02 1.393800e+02 4.969615e+02
1.800834e+02 2.070868e+02 1.868950e+02 2.002752e+02
-8.021036e+01 0.000000e+00 -2.093946e+02 1.291842e+02
-1.083326e+02 0.000000e+00 -6.249631e+01 -4.583625e+01
-3.636921e+02 -2.070868e+02 -1.117716e+02 -4.590073e+02
-1.208675e+02 -2.070868e+02 -1.842049e+02 -1.437494e+02
6.125403e+01 2.070868e+02 1.504317e+02 1.179092e+02
1.941269e+02 2.070868e+02 1.979467e+02 2.032670e+02
1.846124e+01 0.000000e+00 -1.983429e+02 2.168041e+02
-3.552436e+01 0.000000e+00 -5.144462e+01 1.592026e+01
-3.030124e+02 -2.070868e+02 -1.779767e+02 -3.321226e+02
-1.007259e+02 -2.070868e+02 -2.504100e+02 -5.740271e+01
-9.052882e+00 2.070868e+02 8.422663e+01 1.138073e+02
3.194062e+02 2.070868e+02 1.317417e+02 3.947513e+02
-3.977554e+02 0.000000e+00 -2.645479e+02 -1.332075e+02
-6.665818e+01 0.000000e+00 -1.176497e+02 5.099148e+01
2.449891e+02 -2.070868e+02 -2.033768e+02 2.412791e+02
-1.890880e+02 -2.070868e+02 -2.758101e+02 -1.203647e+02
2.593462e+00 2.070868e+02 5.882650e+01 1.508538e+02
-3.146939e+02 2.070868e+02 1.063416e+02 -2.139486e+02
-4.512330e+02 0.000000e+00 -2.899481e+02 -1.612849e+02
2.138346e+02 0.000000e+00 -1.430498e+02 3.568844e+02
-2.067072e+02 -2.070868e+02 -1.494608e+02 -2.643333e+02
6.457153e+01 -2.070868e+02 -2.218941e+02 7.937878e+01
2.421459e+02 2.070868e+02 1.127425e+02 3.364902e+02
-4.598221e+01 2.070868e+02 1.602576e+02 8.470117e-01
-4.034345e+02 0.000000e+00 -2.360320e+02 -1.674024e+02
4.432501e+01 0.000000e+00 -8.913376e+01 1.334588e+02
2.372376e+02 -2.070868e+02 -5.653794e+01 8.668873e+01
-4.379082e+02 -2.070868e+02 -1.289713e+02 -5.160238e+02
3.365926e+02 2.070868e+02 2.056653e+02 3.380140e+02
6.283360e+02 2.070868e+02 2.531804e+02 5.822424e+02
-2.400440e+02 0.000000e+00 -1.431092e+02 -9.693481e+01
-4.442273e+02 0.000000e+00 3.789052e+00 -4.480164e+02
-2.025320e+02 -2.070868e+02 -4.213816e+01 -3.674807e+02
6.083602e+01 -2.070868e+02 -1.145715e+02 -3.167933e+01
4.592550e+02 2.070868e+02 2.200651e+02 4.462766e+02
2.491795e+02 2.070868e+02 2.675802e+02 1.886861e+02
-9.628915e+01 0.000000e+00 -1.287094e+02 3.242030e+01
-1.317355e+02 0.000000e+00 1.818884e+01 -1.499244e+02
