5.522335e+01 3.325136e+02 -9.234398e+01 4.800809e+02
-2.658789e+02 -3.325136e+02 -3.768952e+02 -2.214972e+02
-7.411554e+02 -3.325136e+02 -4.446388e+02 -6.290301e+02
-2.257689e+02 3.325136e+02 2.700961e+02 -1.633515e+02
2.787268e+02 0.000000e+00 1.508590e+02 1.278678e+02
1.488109e+02 0.000000e+00 -1.302013e+02 2.790122e+02
1.938557e+02 3.325136e+02 2.072117e+02 3.191577e+02
-3.258264e+02 -3.325136e+02 -7.733957e+01 -5.810004e+02
-8.727496e+01 -3.325136e+02 -1.450832e+02 -2.747054e+02
5.026348e+02 3.325136e+02 5.696518e+02 2.654966e+02
6.981803e+02 0.000000e+00 4.504147e+02 2.477656e+02
2.867553e+01 0.000000e+00 1.693543e+02 -1.406788e+02
-3.685531e+02 3.325136e+02 -1.606335e+02 1.245940e+02
-3.560979e+02 -3.325136e+02 -4.451847e+02 -2.434267e+02
-8.728939e+02 -3.325136e+02 -5.129283e+02 -6.924792e+02
3.212915e+02 3.325136e+02 2.018066e+02 4.519984e+02
8.117728e+00 0.000000e+00 8.256949e+01 -7.445176e+01
-1.357200e+02 0.000000e+00 -1.984908e+02 6.277081e+01
-1.011368e+03 3.325136e+02 -7.106704e+01 -6.077871e+02
-4.532929e+02 -3.325136e+02 -3.556183e+02 -4.301882e+02
-4.769323e+02 -3.325136e+02 -4.233619e+02 -3.860840e+02
3.516298e+01 3.325136e+02 2.913731e+02 7.630349e+01
6.698262e+02 0.000000e+00 1.721359e+02 4.976903e+02
6.394004e+01 0.000000e+00 -1.089244e+02 1.728644e+02
3.817491e+02 3.325136e+02 2.007220e+02 5.135407e+02
1.094903e+03 -3.325136e+02 -8.382927e+01 8.462190e+02
-1.281958e+02 -3.325136e+02 -1.515729e+02 -3.091365e+02
7.508782e+02 3.325136e+02 5.631621e+02 5.202297e+02
3.695870e+02 0.000000e+00 4.439250e+02 -7.433792e+01
2.747942e+01 0.000000e+00 1.628646e+02 -1.353852e+02
-1.697079e+02 3.325136e+02 -1.698665e+02 3.326722e+02
-7.107847e+02 -3.325136e+02 -4.544178e+02 -5.888805e+02
-1.730801e+02 -3.325136e+02 -5.221614e+02 1.656774e+01
4.619497e+02 3.325136e+02 1.925736e+02 6.018897e+02
-1.137935e+02 0.000000e+00 7.333645e+01 -1.871300e+02
-5.862643e+02 0.000000e+00 -2.077239e+02 -3.785405e+02
-2.807087e+02 3.325136e+02 1.049740e+01 4.130750e+01
-5.331231e+02 -3.325136e+02 -2.740538e+02 -5.915829e+02
-5.466644e+02 -3.325136e+02 -3.417975e+02 -5.373805e+02
8.517058e+02 3.325136e+02 3.729375e+02 8.112819e+02
-1.600536e+02 0.000000e+00 2.537004e+02 -4.137540e+02
4.035791e+02 0.000000e+00 -2.735994e+01 4.309391e+02
3.397424e+02 3.325136e+02 7.884830e+01 5.934077e+02
-4.666085e+02 -3.325136e+02 -2.057029e+02 -5.934191e+02
2.386498e+02 -3.325136e+02 -2.734466e+02 1.795828e+02
4.073105e+02 3.325136e+02 4.412884e+02 2.985357e+02
1.146262e+02 0.000000e+00 3.220513e+02 -2.074251e+02
-5.274144e+02 0.000000e+00 4.099095e+01 -5.684053e+02
9.226110e+02 3.325136e+02 2.234988e+02 1.031626e+03
-4.776510e+02 -3.325136e+02 -6.105241e+01 -7.491121e+02
-5.005519e+02 -3.325136e+02 -1.287960e+02 -7.042695e+02
6.490289e+02 3.325136e+02 5.859389e+02 3.956036e+02
5.661144e+02 0.000000e+00 4.667018e+02 9.941257e+01
1.262484e+02 0.000000e+00 1.856415e+02 -5.939305e+01
