-4.966277e+02 -2.747299e+02
1.817226e+02 3.666486e+02
5.091867e+01 3.049532e+01
5.694299e+02 1.074087e+02
3.231392e+02 3.216964e+02
-3.958121e+02 -3.840200e+02
-6.078770e+02 -2.999881e+02
1.000475e+03 3.413904e+02
-1.122658e+02 5.237160e+00
1.373180e+02 8.215052e+01
-4.801015e+01 2.964382e+02
-1.942561e+02 -4.092781e+02
8.466250e+00 -3.775268e+02
5.523607e+02 2.638517e+02
-7.034427e+02 -7.230159e+01
-3.462382e+01 4.611775e+00
7.409398e+02 2.188995e+02
-6.376558e+02 -4.868169e+02
4.093269e+02 9.246844e+01
-3.171631e+02 7.338469e+02
2.618854e+02 3.976937e+02
-1.708970e+02 4.746070e+02
1.820462e+03 6.888948e+02
-2.163199e+01 -1.682162e+01
2.649231e+01 -3.877284e+01
1.121674e+03 6.026056e+02
-1.488037e+02 2.664524e+02
2.970879e+02 3.433658e+02
7.188678e+02 5.576535e+02
-1.709329e+02 -1.480629e+02
-1.593152e+02 -3.496841e+02
-3.402408e+02 2.916943e+02
8.430322e+00 -4.445890e+01
1.091300e+02 3.245446e+01
1.227521e+01 2.467422e+02
-2.191965e+02 -4.589742e+02
2.997945e+02 1.148477e+02
1.876292e+03 7.562262e+02
7.719565e+02 4.200729e+02
2.747433e+02 4.969863e+02
1.166291e+03 7.112740e+02
-6.060189e+02 5.557621e+00
3.917300e+02 2.172383e+02
-1.794138e+02 8.586168e+02
1.535490e+03 5.224636e+02
-2.597869e+02 5.993769e+02
1.054394e+03 8.136647e+02
-1.164158e+03 1.079483e+02
-2.366070e+02 -1.055176e+02
3.425706e+02 5.358609e+02
5.383761e+02 1.997076e+02
4.823304e+02 2.766210e+02
1.595312e+02 4.909087e+02
-9.583241e+01 -2.148077e+02
