-3.800977e+02 -2.482375e+02 -2.213905e+02 -4.069447e+02
-5.284785e+02 -2.482375e+02 -1.204748e+02 -6.562412e+02
-3.077473e+01 0.000000e+00 -7.567783e+00 -2.320694e+01
3.304048e+02 0.000000e+00 9.987700e+01 2.305278e+02
1.912316e+02 2.482375e+02 2.945937e+02 1.448754e+02
5.491439e+02 2.482375e+02 3.253408e+02 4.720406e+02
-5.762520e+02 -2.482375e+02 -5.310457e+02 -2.934438e+02
-4.903771e+02 -2.482375e+02 -4.301299e+02 -3.084847e+02
-3.719349e+02 0.000000e+00 -3.172229e+02 -5.471198e+01
-5.362470e+02 0.000000e+00 -2.097781e+02 -3.264689e+02
-6.484174e+00 2.482375e+02 -1.506139e+01 2.568148e+02
3.044615e+02 2.482375e+02 1.568569e+01 5.370134e+02
-2.536278e+02 -2.482375e+02 -5.681054e+02 6.624004e+01
-5.037438e+02 -2.482375e+02 -4.671897e+02 -2.847917e+02
-1.070108e+03 0.000000e+00 -3.542827e+02 -7.158256e+02
-4.020078e+01 0.000000e+00 -2.468379e+02 2.066371e+02
1.067416e+01 2.482375e+02 -5.212115e+01 3.110328e+02
-3.937094e+01 2.482375e+02 -2.137406e+01 2.302407e+02
-7.609270e+01 -2.482375e+02 -2.858157e+02 -3.851458e+01
7.805481e+01 -2.482375e+02 -1.848999e+02 1.471721e+01
2.664243e+01 0.000000e+00 -7.199290e+01 9.863533e+01
-1.038431e+02 0.000000e+00 3.545188e+01 -1.392949e+02
1.917117e+02 2.482375e+02 2.301686e+02 2.097806e+02
2.485738e+02 2.482375e+02 2.609157e+02 2.358956e+02
-4.848923e+02 -2.482375e+02 -3.636893e+02 -3.694406e+02
2.142887e+02 -2.482375e+02 -2.627736e+02 2.288247e+02
-9.469559e+01 0.000000e+00 -1.498665e+02 5.517094e+01
4.377586e+00 0.000000e+00 -4.242175e+01 4.679934e+01
2.758029e+02 2.482375e+02 1.522950e+02 3.717455e+02
2.993907e+00 2.482375e+02 1.830421e+02 6.818938e+01
-4.702405e+02 -2.482375e+02 -2.623757e+02 -4.561024e+02
1.276858e+02 -2.482375e+02 -1.614599e+02 4.090820e+01
8.645834e+01 0.000000e+00 -4.855291e+01 1.350112e+02
-1.111103e+02 0.000000e+00 5.889188e+01 -1.700022e+02
-1.365693e+01 2.482375e+02 2.536086e+02 -1.902799e+01
7.818616e+02 2.482375e+02 2.843557e+02 7.457435e+02
-1.380560e+03 -2.482375e+02 -1.975842e+01 -1.609039e+03
-4.170493e+02 -2.482375e+02 8.115730e+01 -7.464442e+02
1.975256e+02 0.000000e+00 1.940643e+02 3.461258e+00
2.202247e+02 0.000000e+00 3.015091e+02 -8.128441e+01
9.841235e+02 2.482375e+02 4.962258e+02 7.361352e+02
3.622733e+02 2.482375e+02 5.269729e+02 8.353796e+01
4.784453e+02 -2.482375e+02 -1.566120e+02 3.868198e+02
-8.351514e+02 -2.482375e+02 -5.569627e+01 -1.027693e+03
8.622838e+01 0.000000e+00 5.721076e+01 2.901762e+01
6.616127e+02 0.000000e+00 1.646555e+02 4.969571e+02
3.613281e+02 2.482375e+02 3.593723e+02 2.501933e+02
-1.274475e+03 2.482375e+02 3.901194e+02 -1.416357e+03
5.667505e+00 -2.482375e+02 -3.060791e+02 6.350903e+01
1.463773e+02 -2.482375e+02 -2.051633e+02 1.033031e+02
1.612361e+02 0.000000e+00 -9.225630e+01 2.534924e+02
-1.421040e+02 0.000000e+00 1.518848e+01 -1.572925e+02
7.334052e+01 2.482375e+02 2.099052e+02 1.116728e+02
3.180765e+02 2.482375e+02 2.406523e+02 3.256617e+02
