-1.434460e+02 1.386783e+02 3.040512e+01 -3.517288e+01
-2.520726e+02 -1.386783e+02 -3.960769e+02 5.326050e+00
-2.194978e+02 0.000000e+00 -5.270993e+01 -1.667879e+02
-7.484470e+00 0.000000e+00 -5.468710e+01 4.720263e+01
-2.132529e+02 -1.386783e+02 -2.577787e+02 -9.415248e+01
-2.757594e+01 1.386783e+02 -5.597349e+01 1.670758e+02
4.147664e+02 1.386783e+02 8.185477e+01 4.715899e+02
-9.224075e+01 -1.386783e+02 -3.446272e+02 1.137082e+02
-7.812437e+01 0.000000e+00 -1.260277e+00 -7.686410e+01
1.748921e+01 0.000000e+00 -3.237450e+00 2.072666e+01
-2.968543e+02 -1.386783e+02 -2.063290e+02 -2.292036e+02
-2.538288e+02 1.386783e+02 -4.523838e+00 -1.106267e+02
-6.547617e+01 1.386783e+02 -8.347615e+01 1.566782e+02
6.866929e+02 -1.386783e+02 -5.099582e+02 1.057973e+03
3.363725e+02 0.000000e+00 -1.665912e+02 5.029637e+02
-3.355408e+02 0.000000e+00 -1.685684e+02 -1.669724e+02
-1.178259e+03 -1.386783e+02 -3.716599e+02 -9.452777e+02
2.559382e+02 1.386783e+02 -1.698548e+02 5.644712e+02
-8.930239e+01 1.386783e+02 2.688369e+02 -2.194610e+02
-6.892985e+02 -1.386783e+02 -1.576451e+02 -6.703316e+02
6.639799e+02 0.000000e+00 1.857218e+02 4.782581e+02
-3.547879e+02 0.000000e+00 1.837446e+02 -5.385326e+02
5.762254e+02 -1.386783e+02 -1.934692e+01 4.568941e+02
5.089764e+02 1.386783e+02 1.824582e+02 4.651964e+02
2.767526e+01 1.386783e+02 8.719476e+01 7.915875e+01
-4.098205e+02 -1.386783e+02 -3.392872e+02 -2.092115e+02
2.935075e+01 0.000000e+00 4.079712e+00 2.527104e+01
3.694442e-01 0.000000e+00 2.102539e+00 -1.733095e+00
-2.218971e+02 -1.386783e+02 -2.009890e+02 -1.595863e+02
2.716570e+01 1.386783e+02 8.161507e-01 1.650278e+02
1.307626e+02 1.386783e+02 3.853094e+01 2.309099e+02
-5.817094e+02 -1.386783e+02 -3.879511e+02 -3.324366e+02
1.594370e+01 0.000000e+00 -4.458411e+01 6.052781e+01
-2.010038e+02 0.000000e+00 -4.656129e+01 -1.544425e+02
-2.384615e+02 -1.386783e+02 -2.496528e+02 -1.274869e+02
-7.493286e+01 1.386783e+02 -4.784768e+01 1.115931e+02
7.258241e+01 1.386783e+02 1.631770e+02 4.808367e+01
-5.500119e+02 -1.386783e+02 -2.633050e+02 -4.253851e+02
8.285059e+01 0.000000e+00 8.006194e+01 2.788642e+00
5.908444e+01 0.000000e+00 7.808477e+01 -1.900033e+01
-7.231802e+01 -1.386783e+02 -1.250068e+02 -8.598949e+01
1.914039e+02 1.386783e+02 7.679838e+01 2.532838e+02
3.001013e+02 1.386783e+02 7.317619e+01 3.656034e+02
-1.511694e+03 -1.386783e+02 -3.533058e+02 -1.297067e+03
-1.126362e+03 0.000000e+00 -9.938858e+00 -1.116424e+03
7.771089e+01 0.000000e+00 -1.191603e+01 8.962692e+01
-2.976306e+02 -1.386783e+02 -2.150076e+02 -2.213013e+02
-6.951081e+01 1.386783e+02 -1.320242e+01 8.236986e+01
-3.157979e+02 1.386783e+02 1.987756e+02 -3.758953e+02
6.620893e+01 -1.386783e+02 -2.277064e+02 1.552371e+02
4.917295e+02 0.000000e+00 1.156606e+02 3.760689e+02
4.112832e+02 0.000000e+00 1.136834e+02 2.975998e+02
-3.060485e+00 -1.386783e+02 -8.940816e+01 -5.233058e+01
3.639428e+01 1.386783e+02 1.123970e+02 6.267552e+01
