3.493846e+01 -3.563569e+01
-3.065713e+02 -2.925266e+02
-4.131725e+02 1.239892e+02
-3.995531e+01 5.956122e+01
-1.167597e+02 -2.649228e+02
1.233340e+02 -1.077591e+02
-1.488357e+02 -3.317689e+01
-2.919161e+01 -2.900678e+02
1.894688e+02 1.264480e+02
2.785962e+01 6.202002e+01
-1.972204e+02 -2.624640e+02
-1.804509e+02 -1.053003e+02
-3.983339e+01 3.736332e+01
-1.990360e+02 -2.195276e+02
1.942980e+02 1.969882e+02
2.498411e+02 1.325602e+02
-4.619369e+02 -1.919238e+02
-7.406316e+00 -3.476010e+01
6.982924e+01 2.292326e+01
-6.095433e+02 -2.339676e+02
2.886340e+02 1.825481e+02
1.484127e+02 1.181202e+02
-1.988124e+02 -2.063638e+02
-5.644507e+01 -4.920016e+01
-3.085700e+02 2.080522e+00
-9.433060e+01 -2.548104e+02
1.098842e+02 1.617054e+02
1.008335e+02 9.727744e+01
-1.275866e+02 -2.272066e+02
-4.699575e+01 -7.004290e+01
-9.770802e+01 -6.686966e+01
-1.839801e+02 -3.237606e+02
9.695187e+01 9.275521e+01
-2.374310e+02 2.832725e+01
-3.386236e+02 -2.961567e+02
1.227432e+02 -1.389931e+02
5.082678e+02 8.304857e+01
-7.616302e+02 -1.738423e+02
3.769660e+02 2.426734e+02
2.450276e+02 1.782455e+02
-3.099088e+02 -1.462385e+02
-2.490358e+01 1.092515e+01
5.573880e+02 9.701362e+01
-3.644896e+02 -1.598773e+02
4.079344e+02 2.566385e+02
8.007350e+02 1.922105e+02
-4.527241e+02 -1.322735e+02
-6.821887e+02 2.489020e+01
1.179706e+02 1.525589e+02
2.038421e+02 -1.043320e+02
6.718948e+02 3.121838e+02
7.686144e+01 2.477558e+02
8.226793e+01 -7.672819e+01
-1.526684e+02 8.043548e+01
