1.664862e+02 -2.257964e+02 7.388268e+01 -1.331929e+02
-8.100652e+01 -2.257964e+02 -1.786712e+02 -1.281317e+02
3.958430e+01 2.257964e+02 2.421111e+02 2.326953e+01
3.351593e+02 2.257964e+02 3.772206e+02 1.837350e+02
-2.167080e+02 0.000000e+00 -1.009069e+02 -1.158010e+02
2.105789e+02 0.000000e+00 8.958080e+01 1.209981e+02
-4.386700e+01 -2.257964e+02 4.833100e+01 -3.179944e+02
1.563523e+02 -2.257964e+02 -2.042229e+02 1.347788e+02
1.761573e+02 2.257964e+02 2.165594e+02 1.853942e+02
3.895760e+02 2.257964e+02 3.516689e+02 2.637034e+02
1.227746e+02 0.000000e+00 -1.264586e+02 2.492333e+02
-3.121675e+02 0.000000e+00 6.402912e+01 -3.761967e+02
2.716003e+01 -2.257964e+02 5.195591e+01 -2.505922e+02
-7.024383e+02 -2.257964e+02 -2.005980e+02 -7.276367e+02
6.320944e+02 2.257964e+02 2.201844e+02 6.377064e+02
2.556177e+02 2.257964e+02 3.552939e+02 1.261202e+02
5.804785e+01 0.000000e+00 -1.228337e+02 1.808816e+02
4.484874e+01 0.000000e+00 6.765403e+01 -2.280529e+01
-7.139082e+01 -2.257964e+02 -7.717368e+01 -2.200135e+02
-6.039843e+02 -2.257964e+02 -3.297275e+02 -5.000531e+02
1.776428e+01 2.257964e+02 9.105477e+01 1.525059e+02
8.707837e+01 2.257964e+02 2.261643e+02 8.671045e+01
1.091945e+02 0.000000e+00 -2.519633e+02 3.611578e+02
1.284713e+01 0.000000e+00 -6.147556e+01 7.432269e+01
-2.165166e+02 -2.257964e+02 -1.185247e+02 -3.237882e+02
-9.850294e+01 -2.257964e+02 -3.710786e+02 4.677929e+01
1.585371e+02 2.257964e+02 4.970372e+01 3.346297e+02
4.264550e+02 2.257964e+02 1.848132e+02 4.674381e+02
-6.977050e+02 0.000000e+00 -2.933143e+02 -4.043906e+02
-1.130599e+01 0.000000e+00 -1.028266e+02 9.152061e+01
1.065843e+02 -2.257964e+02 -1.653440e+01 -1.026776e+02
-2.686862e+02 -2.257964e+02 -2.690883e+02 -2.253943e+02
4.264603e+01 2.257964e+02 1.516940e+02 1.167483e+02
1.805812e+02 2.257964e+02 2.868035e+02 1.195740e+02
-1.352214e+02 0.000000e+00 -1.913240e+02 5.610259e+01
7.858386e+01 0.000000e+00 -8.362813e-01 7.942014e+01
-4.083988e+02 -2.257964e+02 -1.040462e+02 -5.301489e+02
7.950934e+02 -2.257964e+02 -3.566001e+02 9.258972e+02
3.094005e+02 2.257964e+02 6.418224e+01 4.710146e+02
-1.901167e+02 2.257964e+02 1.992917e+02 -1.636121e+02
-8.036388e+02 0.000000e+00 -2.788358e+02 -5.248030e+02
3.372235e+02 0.000000e+00 -8.834808e+01 4.255716e+02
3.618433e+02 -2.257964e+02 2.304685e+02 -9.442164e+01
-5.074000e+02 -2.257964e+02 -2.208532e+01 -7.111111e+02
4.769877e+02 2.257964e+02 3.986970e+02 3.040870e+02
9.989647e+02 2.257964e+02 5.338065e+02 6.909546e+02
3.051500e+01 0.000000e+00 5.567893e+01 -2.516394e+01
-1.782673e+02 0.000000e+00 2.461667e+02 -4.244339e+02
-4.194148e+02 -2.257964e+02 -3.610326e+01 -6.091079e+02
2.548285e+02 -2.257964e+02 -2.886571e+02 3.176893e+02
4.929428e+02 2.257964e+02 1.321252e+02 5.866140e+02
3.473702e+02 2.257964e+02 2.672347e+02 3.059319e+02
-1.095064e+02 0.000000e+00 -2.108929e+02 1.013865e+02
-4.321105e+02 0.000000e+00 -2.040514e+01 -4.117054e+02
