4.774870e+01 9.713275e+01 5.320914e+01 9.167231e+01
-4.221896e+02 -9.713275e+01 -1.529416e+02 -3.663807e+02
9.286470e+00 -9.713275e+01 -1.637741e+02 7.592781e+01
3.543065e+02 9.713275e+01 1.570994e+01 4.357293e+02
-9.918063e+01 0.000000e+00 -2.676735e+01 -7.241327e+01
-2.912210e+01 0.000000e+00 -4.444506e+01 1.532297e+01
2.266808e+02 9.713275e+01 1.152853e+02 2.085282e+02
-1.224364e+02 -9.713275e+01 -9.086542e+01 -1.287037e+02
-2.002089e+02 -9.713275e+01 -1.016979e+02 -1.956437e+02
9.953757e+01 9.713275e+01 7.778613e+01 1.188842e+02
8.290815e+01 0.000000e+00 3.530884e+01 4.759931e+01
5.703992e+01 0.000000e+00 1.763113e+01 3.940880e+01
2.535486e+02 9.713275e+01 1.332868e+02 2.173946e+02
-2.722677e+01 -9.713275e+01 -7.286392e+01 -5.149560e+01
-5.021201e+01 -9.713275e+01 -8.369639e+01 -6.364837e+01
-8.131085e+00 9.713275e+01 9.578763e+01 -6.785968e+00
3.050026e+01 0.000000e+00 5.331034e+01 -2.281009e+01
4.129852e+01 0.000000e+00 3.563263e+01 5.665884e+00
6.604764e+01 9.713275e+01 1.310361e+02 3.214425e+01
-4.248175e+01 -9.713275e+01 -7.511461e+01 -6.449990e+01
-1.118552e+02 -9.713275e+01 -8.594708e+01 -1.230409e+02
1.803611e+02 9.713275e+01 9.353694e+01 1.839569e+02
-3.374453e+01 0.000000e+00 5.105965e+01 -8.480418e+01
8.096210e+01 0.000000e+00 3.338194e+01 4.758016e+01
8.067519e+01 9.713275e+01 8.740520e+01 9.040274e+01
5.225704e+00 -9.713275e+01 -1.187456e+02 2.683850e+01
-2.160500e+02 -9.713275e+01 -1.295780e+02 -1.836047e+02
9.796146e+01 9.713275e+01 4.990600e+01 1.451882e+02
1.431388e+00 0.000000e+00 7.428709e+00 -5.997321e+00
2.507650e+01 0.000000e+00 -1.024900e+01 3.532550e+01
7.475269e+01 9.713275e+01 1.142564e+02 5.762900e+01
1.890811e+00 -9.713275e+01 -9.189431e+01 -3.347634e+00
1.731397e+02 -9.713275e+01 -1.027268e+02 1.787337e+02
-1.714786e+01 9.713275e+01 7.675725e+01 3.227643e+00
1.715940e+02 0.000000e+00 3.427995e+01 1.373141e+02
-2.392207e+02 0.000000e+00 1.660225e+01 -2.558229e+02
-5.153930e+02 9.713275e+01 2.425133e+00 -4.206854e+02
5.817474e+01 -9.713275e+01 -2.037256e+02 1.647676e+02
-3.002123e+02 -9.713275e+01 -2.145581e+02 -1.827869e+02
1.095380e+01 9.713275e+01 -3.507407e+01 1.431606e+02
2.729762e+01 0.000000e+00 -7.755136e+01 1.048490e+02
-7.481105e+01 0.000000e+00 -9.522907e+01 2.041802e+01
-1.654207e+02 9.713275e+01 -4.723557e+00 -6.356441e+01
-3.671369e+02 -9.713275e+01 -2.108743e+02 -2.533953e+02
-6.853024e+01 -9.713275e+01 -2.217068e+02 5.604379e+01
2.181636e+02 9.713275e+01 -4.222276e+01 3.575191e+02
-7.892700e+01 0.000000e+00 -8.470005e+01 5.773046e+00
-4.578620e+02 0.000000e+00 -1.023778e+02 -3.554843e+02
2.582600e+02 9.713275e+01 6.813387e+01 2.872589e+02
-1.984712e+02 -9.713275e+01 -1.380169e+02 -1.575871e+02
-1.410139e+02 -9.713275e+01 -1.488494e+02 -8.929732e+01
-5.227562e+00 9.713275e+01 3.063466e+01 6.127052e+01
1.063305e+02 0.000000e+00 -1.184263e+01 1.181731e+02
-7.372073e+01 0.000000e+00 -2.952033e+01 -4.420040e+01
