1.838751e+01 -1.470675e+02 6.297425e+01 -1.916542e+02
3.337008e+02 1.470675e+02 5.508233e+02 -7.005506e+01
-1.314356e+01 -1.470675e+02 1.305933e+02 -2.908044e+02
7.846943e+02 1.470675e+02 3.507368e+02 5.810250e+02
-5.584561e-01 -1.470675e+02 1.709282e+02 -3.185541e+02
8.222097e+02 1.470675e+02 3.453405e+02 6.239367e+02
9.502151e+01 -1.470675e+02 -2.650824e+02 2.130364e+02
6.363278e+02 1.470675e+02 2.227667e+02 5.606286e+02
-1.169848e+02 -1.470675e+02 -1.974633e+02 -6.658897e+01
-8.154288e+01 1.470675e+02 2.268024e+01 4.284436e+01
-4.791550e+02 -1.470675e+02 -1.571284e+02 -4.690940e+02
-1.982392e+02 1.470675e+02 1.728391e+01 -6.845563e+01
-3.694725e+01 -1.470675e+02 -4.319692e+01 -1.408178e+02
6.173290e+02 1.470675e+02 4.446522e+02 3.197444e+02
2.929960e+02 -1.470675e+02 2.442213e+01 1.215064e+02
-2.885139e+02 1.470675e+02 2.445657e+02 -3.860120e+02
3.313491e+02 -1.470675e+02 6.475701e+01 1.195246e+02
2.884662e+02 1.470675e+02 2.391693e+02 1.963643e+02
-1.418041e+02 -1.470675e+02 -2.414279e+02 -4.744365e+01
2.338786e+02 1.470675e+02 2.464211e+02 1.345250e+02
-2.672444e+02 -1.470675e+02 -1.738089e+02 -2.405030e+02
5.575687e+01 1.470675e+02 4.633465e+01 1.564897e+02
-2.445998e+02 -1.470675e+02 -1.334740e+02 -2.581933e+02
1.142125e+02 1.470675e+02 4.093831e+01 2.203416e+02
-4.838637e+02 -1.470675e+02 -2.270329e+02 -4.038983e+02
2.741773e+01 1.470675e+02 2.608162e+02 -8.633095e+01
-4.255294e+01 -1.470675e+02 -1.594139e+02 -3.020658e+01
2.091042e+01 1.470675e+02 6.072969e+01 1.072482e+02
-1.283337e+02 -1.470675e+02 -1.190790e+02 -1.563223e+02
1.155712e+02 1.470675e+02 5.533335e+01 2.073053e+02
-3.049887e+02 -1.470675e+02 -2.053233e+02 -2.467329e+02
1.795942e+02 1.470675e+02 2.825258e+02 4.413592e+01
-2.845299e+01 -1.470675e+02 -1.377043e+02 -3.781622e+01
2.462864e+02 1.470675e+02 8.243928e+01 3.109146e+02
-3.249266e+01 -1.470675e+02 -9.736938e+01 -8.219077e+01
-2.645959e+02 1.470675e+02 7.704294e+01 -1.945713e+02
3.500636e+02 -1.470675e+02 -9.471344e+01 2.977095e+02
4.918041e+02 1.470675e+02 3.931356e+02 2.457359e+02
-3.245307e+01 -1.470675e+02 -2.709439e+01 -1.524262e+02
2.131926e+02 1.470675e+02 1.930492e+02 1.672110e+02
-4.675934e+01 -1.470675e+02 1.324050e+01 -2.070673e+02
6.516754e+01 1.470675e+02 1.876528e+02 2.458221e+01
-3.879095e+02 -1.470675e+02 -3.062759e+02 -2.287011e+02
1.355776e+03 1.470675e+02 1.815732e+02 1.321271e+03
-5.298995e+02 -1.470675e+02 -2.386568e+02 -4.383102e+02
1.229091e+02 1.470675e+02 -1.851328e+01 2.884899e+02
8.646787e+01 -1.470675e+02 -1.983219e+02 1.377223e+02
-6.803192e+02 1.470675e+02 -2.390961e+01 -5.093421e+02
-1.883722e+02 -1.470675e+02 3.692258e+01 -3.723623e+02
3.568286e+02 1.470675e+02 5.247717e+02 -2.087553e+01
9.518970e+01 -1.470675e+02 1.045416e+02 -1.564194e+02
3.512983e+02 1.470675e+02 3.246852e+02 1.736807e+02
2.775409e+02 -1.470675e+02 1.448765e+02 -1.440315e+01
7.333788e+01 1.470675e+02 3.192888e+02 -9.888347e+01
