-4.219597e+02 -1.278294e+02 -1.730445e+02 -3.767447e+02
-1.596186e+02 -1.278294e+02 -2.138295e+02 -7.361858e+01
2.406966e+02 0.000000e+00 -1.152725e+02 3.559691e+02
-3.721492e+02 0.000000e+00 -1.399913e+02 -2.321579e+02
-7.354824e+01 1.278294e+02 4.865603e+01 5.625135e+00
1.030689e+02 1.278294e+02 1.376330e+01 2.171350e+02
1.826939e+02 -1.278294e+02 1.173201e+02 -6.245566e+01
-1.115450e+02 -1.278294e+02 7.653514e+01 -3.159096e+02
2.174145e+02 0.000000e+00 1.750921e+02 4.232241e+01
1.102940e+02 0.000000e+00 1.503733e+02 -4.007935e+01
6.142802e+02 1.278294e+02 3.390207e+02 4.030890e+02
2.679158e+02 1.278294e+02 3.041279e+02 9.161724e+01
-1.593887e+02 -1.278294e+02 -6.005854e+01 -2.271596e+02
1.456046e+02 -1.278294e+02 -1.008435e+02 1.186187e+02
-5.886348e+01 0.000000e+00 -2.286606e+00 -5.657687e+01
-1.699813e+02 0.000000e+00 -2.700533e+01 -1.429759e+02
2.088838e+02 1.278294e+02 1.616420e+02 1.750712e+02
1.602639e+02 1.278294e+02 1.267492e+02 1.613441e+02
-9.175456e+01 -1.278294e+02 -1.477391e+02 -7.184492e+01
-2.249062e+00 -1.278294e+02 -1.885241e+02 5.844558e+01
9.583907e-01 0.000000e+00 -8.996712e+01 9.092551e+01
-2.485050e+02 0.000000e+00 -1.146858e+02 -1.338192e+02
-4.548826e+01 1.278294e+02 7.396146e+01 8.379688e+00
-9.519156e+00 1.278294e+02 3.906873e+01 7.924152e+01
-7.828096e+01 -1.278294e+02 -1.636643e+02 -4.244611e+01
-2.397432e+02 -1.278294e+02 -2.044493e+02 -1.631233e+02
-1.723653e+02 0.000000e+00 -1.058923e+02 -6.647300e+01
-3.709355e+01 0.000000e+00 -1.306111e+02 9.351750e+01
7.426155e+01 1.278294e+02 5.803626e+01 1.440547e+02
-2.709208e+01 1.278294e+02 2.314353e+01 7.759380e+01
1.183627e+02 -1.278294e+02 2.080144e+00 -1.154682e+01
6.157564e+01 -1.278294e+02 -3.870485e+01 -2.754892e+01
-6.688259e+01 0.000000e+00 5.985208e+01 -1.267347e+02
2.880208e+01 0.000000e+00 3.513335e+01 -6.331275e+00
2.544235e+02 1.278294e+02 2.237807e+02 1.584722e+02
6.442680e+01 1.278294e+02 1.888879e+02 3.368281e+00
4.858369e+02 -1.278294e+02 -2.806023e+02 6.386098e+02
-1.203527e+03 -1.278294e+02 -3.213873e+02 -1.009969e+03
7.782449e+01 0.000000e+00 -2.228304e+02 3.006549e+02
-6.700150e+02 0.000000e+00 -2.475491e+02 -4.224659e+02
-1.519883e+02 1.278294e+02 -5.890181e+01 3.474291e+01
2.079396e+00 1.278294e+02 -9.379453e+01 2.237033e+02
-2.338562e+02 -1.278294e+02 -6.190285e+00 -3.554953e+02
6.488961e+02 -1.278294e+02 -4.697528e+01 5.680419e+02
-7.211990e+00 0.000000e+00 5.158165e+01 -5.879364e+01
1.335415e+02 0.000000e+00 2.686292e+01 1.066785e+02
2.326787e+02 1.278294e+02 2.155102e+02 1.449979e+02
4.359691e+01 1.278294e+02 1.806175e+02 -9.191187e+00
-3.529287e+02 -1.278294e+02 3.297044e+01 -5.137286e+02
-2.436643e+02 -1.278294e+02 -7.814558e+00 -3.636792e+02
-2.624784e+02 0.000000e+00 9.074238e+01 -3.532208e+02
1.866869e+02 0.000000e+00 6.602365e+01 1.206632e+02
2.479936e+02 1.278294e+02 2.546710e+02 1.211521e+02
3.565779e+02 1.278294e+02 2.197782e+02 2.646291e+02
