4.774870e+01 5.320914e+01
-4.221896e+02 -1.529416e+02
9.286470e+00 -1.637741e+02
3.543065e+02 1.570994e+01
-9.918063e+01 -2.676735e+01
-2.912210e+01 -4.444506e+01
2.266808e+02 1.152853e+02
-1.224364e+02 -9.086542e+01
-2.002089e+02 -1.016979e+02
9.953757e+01 7.778613e+01
8.290815e+01 3.530884e+01
5.703992e+01 1.763113e+01
2.535486e+02 1.332868e+02
-2.722677e+01 -7.286392e+01
-5.021201e+01 -8.369639e+01
-8.131085e+00 9.578763e+01
3.050026e+01 5.331034e+01
4.129852e+01 3.563263e+01
6.604764e+01 1.310361e+02
-4.248175e+01 -7.511461e+01
-1.118552e+02 -8.594708e+01
1.803611e+02 9.353694e+01
-3.374453e+01 5.105965e+01
8.096210e+01 3.338194e+01
8.067519e+01 8.740520e+01
5.225704e+00 -1.187456e+02
-2.160500e+02 -1.295780e+02
9.796146e+01 4.990600e+01
1.431388e+00 7.428709e+00
2.507650e+01 -1.024900e+01
7.475269e+01 1.142564e+02
1.890811e+00 -9.189431e+01
1.731397e+02 -1.027268e+02
-1.714786e+01 7.675725e+01
1.715940e+02 3.427995e+01
-2.392207e+02 1.660225e+01
-5.153930e+02 2.425133e+00
5.817474e+01 -2.037256e+02
-3.002123e+02 -2.145581e+02
1.095380e+01 -3.507407e+01
2.729762e+01 -7.755136e+01
-7.481105e+01 -9.522907e+01
-1.654207e+02 -4.723557e+00
-3.671369e+02 -2.108743e+02
-6.853024e+01 -2.217068e+02
2.181636e+02 -4.222276e+01
-7.892700e+01 -8.470005e+01
-4.578620e+02 -1.023778e+02
2.582600e+02 6.813387e+01
-1.984712e+02 -1.380169e+02
-1.410139e+02 -1.488494e+02
-5.227562e+00 3.063466e+01
1.063305e+02 -1.184263e+01
-7.372073e+01 -2.952033e+01
