-9.833297e+01 1.399152e+02
-5.183230e+00 4.154722e+01
1.581993e+02 1.585670e+02
1.961412e+02 1.278313e+02
-4.359269e+01 -3.401615e+01
1.059160e+02 2.017229e+01
-2.171357e+01 1.094117e+02
7.862878e+01 1.104377e+01
6.042695e+01 1.280635e+02
7.864983e+01 9.732790e+01
1.141948e+02 -6.451959e+01
1.393577e+01 -1.033115e+01
1.636291e+02 1.318941e+02
-4.899609e+01 3.352616e+01
1.617867e+02 1.505459e+02
2.036587e+02 1.198103e+02
-7.511007e+01 -4.203720e+01
1.947450e+01 1.215123e+01
-3.661559e+01 4.671169e+01
6.324639e+01 -5.165627e+01
2.764827e+01 6.536348e+01
8.697230e+01 3.462786e+01
-1.527974e+02 -1.272196e+02
-3.744186e+01 -7.303119e+01
1.636930e+02 5.224480e+01
-1.115251e+02 -4.612316e+01
5.810957e+01 7.089659e+01
8.305913e+01 4.016097e+01
-1.639543e+02 -1.216865e+02
-6.446043e+01 -6.749808e+01
-4.050429e+01 2.630195e+01
-9.288248e+01 -7.206600e+01
1.689630e+02 4.495374e+01
4.509441e+00 1.421812e+01
-1.585976e+02 -1.476294e+02
-1.164947e+02 -9.344093e+01
2.253571e+02 1.508120e+02
1.010922e+02 5.244407e+01
2.576614e+02 1.694638e+02
3.384076e+01 1.387282e+02
-1.367796e+02 -2.311929e+01
9.801682e+01 3.106915e+01
3.500855e+02 4.250803e+01
4.114352e+01 -5.585992e+01
3.525571e+01 6.115982e+01
-1.836795e+02 3.042420e+01
-5.577463e+01 -1.314233e+02
-9.501579e+01 -7.723485e+01
3.523187e+02 1.429993e+02
7.959997e+00 4.463135e+01
3.047466e+02 1.616511e+02
1.093931e+02 1.309155e+02
1.123981e+02 -3.093202e+01
-1.006321e+02 2.325642e+01
