-5.918685e+02 -1.507177e+02 -2.138627e+02 -5.287235e+02
-3.759419e+02 -1.507177e+02 -3.002817e+02 -2.263780e+02
8.212572e+01 0.000000e+00 -1.762608e+02 2.583865e+02
-4.619674e+01 0.000000e+00 -1.554250e+02 1.092282e+02
-1.007937e+02 1.507177e+02 1.921070e+01 3.071339e+01
1.214350e+02 1.507177e+02 1.002746e+01 2.621253e+02
2.250352e+02 -1.507177e+02 1.327635e+02 -5.844602e+01
-1.425645e+02 -1.507177e+02 4.634457e+01 -3.396269e+02
2.187119e+02 0.000000e+00 1.703655e+02 4.834639e+01
1.441683e+02 0.000000e+00 1.912013e+02 -4.703302e+01
7.491904e+02 1.507177e+02 3.658369e+02 5.340712e+02
2.666104e+02 1.507177e+02 3.566537e+02 6.067447e+01
-2.088916e+02 -1.507177e+02 -1.024167e+02 -2.571926e+02
1.131997e+02 -1.507177e+02 -1.888357e+02 1.513177e+02
-3.256874e+01 0.000000e+00 -6.481479e+01 3.224604e+01
-2.370327e+02 0.000000e+00 -4.397897e+01 -1.930538e+02
8.909952e+01 1.507177e+02 1.306567e+02 1.091606e+02
1.932286e+02 1.507177e+02 1.214734e+02 2.224729e+02
3.019808e+01 -1.507177e+02 -2.442584e+01 -9.609383e+01
4.719546e+02 -1.507177e+02 -1.108448e+02 4.320816e+02
-2.207621e+01 0.000000e+00 1.317612e+01 -3.525233e+01
-1.749746e+02 0.000000e+00 3.401194e+01 -2.089866e+02
7.743809e+01 1.507177e+02 2.086476e+02 1.950824e+01
1.458016e+02 1.507177e+02 1.994644e+02 9.705496e+01
-7.967127e+01 -1.507177e+02 -1.754379e+02 -5.495108e+01
-4.787120e+02 -1.507177e+02 -2.618569e+02 -3.675729e+02
-1.749844e+02 0.000000e+00 -1.378360e+02 -3.714845e+01
5.226184e+01 0.000000e+00 -1.170002e+02 1.692620e+02
1.017539e+02 1.507177e+02 5.763549e+01 1.948361e+02
-8.275112e+01 1.507177e+02 4.845226e+01 1.951436e+01
3.464907e+01 -1.507177e+02 7.241802e+00 -1.233105e+02
1.336741e+02 -1.507177e+02 -7.917715e+01 6.213346e+01
1.358682e+01 0.000000e+00 4.484376e+01 -3.125694e+01
4.461184e+01 0.000000e+00 6.567957e+01 -2.106773e+01
1.786309e+02 1.507177e+02 2.403152e+02 8.903345e+01
2.621041e+02 1.507177e+02 2.311320e+02 1.816898e+02
1.028474e+03 -1.507177e+02 -3.952263e+02 1.272983e+03
-7.587836e+02 -1.507177e+02 -4.816452e+02 -4.278561e+02
-2.314271e+02 0.000000e+00 -3.576243e+02 1.261972e+02
-5.563602e+02 0.000000e+00 -3.367885e+02 -2.195717e+02
-3.679210e+02 1.507177e+02 -1.621528e+02 -5.505039e+01
-2.426488e+02 1.507177e+02 -1.713361e+02 7.940496e+01
-3.073618e+02 -1.507177e+02 9.483196e+00 -4.675628e+02
3.002126e+02 -1.507177e+02 -7.693576e+01 2.264306e+02
1.486365e+02 0.000000e+00 4.708515e+01 1.015514e+02
7.403574e+01 0.000000e+00 6.792097e+01 6.114770e+00
2.396681e+02 1.507177e+02 2.425566e+02 1.478292e+02
3.261577e+02 1.507177e+02 2.333734e+02 2.435021e+02
-5.652100e+02 -1.507177e+02 9.963466e+01 -8.155624e+02
-3.233984e+02 -1.507177e+02 1.321571e+01 -4.873319e+02
-6.263871e+02 0.000000e+00 1.372366e+02 -7.636237e+02
2.403441e+02 0.000000e+00 1.580724e+02 8.227167e+01
4.622644e+02 1.507177e+02 3.327081e+02 2.802740e+02
5.484174e+02 1.507177e+02 3.235249e+02 3.756103e+02
