9.874732e+01 -7.511594e+01 2.868383e+01 -5.052454e+00
6.989204e+01 -7.511594e+01 -8.287845e+00 3.063945e+00
6.563613e+01 7.511594e+01 1.222274e+02 1.852463e+01
1.134910e+02 7.511594e+01 1.709873e+02 1.761968e+01
-9.360946e+00 0.000000e+00 5.436360e+01 -6.372454e+01
1.475600e+02 0.000000e+00 6.097426e+01 8.658571e+01
-5.011640e+01 -7.511594e+01 2.158668e+01 -1.468190e+02
1.387366e+01 -7.511594e+01 -1.538500e+01 -4.585728e+01
1.145245e+02 7.511594e+01 1.151303e+02 7.451019e+01
1.548028e+02 7.511594e+01 1.638902e+02 6.602857e+01
7.935458e+01 0.000000e+00 4.726644e+01 3.208813e+01
5.752660e+01 0.000000e+00 5.387711e+01 3.649494e+00
1.720496e+02 -7.511594e+01 -4.474161e+01 1.416753e+02
-2.425751e+02 -7.511594e+01 -8.171329e+01 -2.359777e+02
1.844536e+02 7.511594e+01 4.880201e+01 2.107675e+02
7.843490e+01 7.511594e+01 9.756186e+01 5.598898e+01
-7.438086e+01 0.000000e+00 -1.906185e+01 -5.531901e+01
-3.778671e+01 0.000000e+00 -1.245118e+01 -2.533553e+01
-6.058024e+01 -7.511594e+01 -3.901630e+01 -9.667988e+01
-2.062899e+02 -7.511594e+01 -7.598798e+01 -2.054178e+02
8.685520e+00 7.511594e+01 5.452731e+01 2.927415e+01
1.795672e+02 7.511594e+01 1.032872e+02 1.513960e+02
-3.722451e+01 0.000000e+00 -1.333654e+01 -2.388797e+01
9.984251e+01 0.000000e+00 -6.725878e+00 1.065684e+02
-5.404607e+01 -7.511594e+01 -6.820084e+01 -6.096117e+01
-6.621452e+01 -7.511594e+01 -1.051725e+02 -3.615795e+01
-2.393740e+01 7.511594e+01 2.534278e+01 2.583577e+01
1.368513e+02 7.511594e+01 7.410263e+01 1.378646e+02
-1.011347e+01 0.000000e+00 -4.252107e+01 3.240761e+01
-7.582159e+01 0.000000e+00 -3.591041e+01 -3.991118e+01
-2.110170e+02 -7.511594e+01 -1.245018e+01 -2.736828e+02
2.834308e+01 -7.511594e+01 -4.942185e+01 2.648992e+00
7.574918e+01 7.511594e+01 8.109344e+01 6.977168e+01
6.301875e+01 7.511594e+01 1.298533e+02 8.281399e+00
5.470051e+01 0.000000e+00 1.322959e+01 4.147092e+01
1.690836e+02 0.000000e+00 1.984025e+01 1.492433e+02
-2.494277e+02 -7.511594e+01 -8.277459e+01 -2.417690e+02
-1.410491e+02 -7.511594e+01 -1.197463e+02 -9.641877e+01
-2.871263e+01 7.511594e+01 1.076903e+01 3.563429e+01
4.482859e+01 7.511594e+01 5.952888e+01 6.041565e+01
1.349705e+02 0.000000e+00 -5.709482e+01 1.920654e+02
-1.317134e+02 0.000000e+00 -5.048416e+01 -8.122923e+01
1.088995e+02 -7.511594e+01 -1.805343e+02 2.143179e+02
3.844658e+01 -7.511594e+01 -2.175060e+02 1.808367e+02
-1.638577e+02 7.511594e+01 -8.699073e+01 -1.751070e+00
1.094292e+02 7.511594e+01 -3.823088e+01 2.227761e+02
-2.578964e+02 0.000000e+00 -1.548546e+02 -1.030418e+02
-2.927138e+02 0.000000e+00 -1.482439e+02 -1.444699e+02
-5.920984e+01 -7.511594e+01 -4.079305e+01 -9.353273e+01
-9.937778e+01 -7.511594e+01 -7.776473e+01 -9.672900e+01
1.096128e+02 7.511594e+01 5.275057e+01 1.319782e+02
9.114072e+01 7.511594e+01 1.015104e+02 6.474624e+01
-1.415987e+01 0.000000e+00 -1.511328e+01 9.534099e-01
-4.280684e+00 0.000000e+00 -8.502623e+00 4.221939e+00
