1.397325e+02 9.228268e+01 1.336288e+02 9.838630e+01
-1.834205e+02 -9.228268e+01 -3.627191e+01 -2.394312e+02
4.642369e+01 0.000000e+00 -2.971636e+01 7.614005e+01
7.475079e+01 0.000000e+00 -9.442690e+01 1.691777e+02
-2.015441e+02 -9.228268e+01 -1.041184e+02 -1.897084e+02
1.145560e+02 9.228268e+01 5.542402e+01 1.514147e+02
2.594387e+02 9.228268e+01 1.863469e+02 1.653745e+02
8.825026e+01 -9.228268e+01 1.644615e+01 -2.047857e+01
-3.909393e+01 0.000000e+00 2.300170e+01 -6.209562e+01
2.738851e+01 0.000000e+00 -4.170884e+01 6.909735e+01
-2.792031e+02 -9.228268e+01 -5.140031e+01 -3.200855e+02
1.924559e+02 9.228268e+01 1.081421e+02 1.765965e+02
2.253464e+02 9.228268e+01 1.549853e+02 1.626438e+02
-4.341224e+01 -9.228268e+01 -1.491544e+01 -1.207795e+02
-1.287946e+01 0.000000e+00 -8.359894e+00 -4.519567e+00
1.632657e+02 0.000000e+00 -7.307043e+01 2.363361e+02
-5.694434e+01 -9.228268e+01 -8.276190e+01 -6.646512e+01
-1.952293e+01 9.228268e+01 7.678048e+01 -4.020740e+00
-2.224618e+01 9.228268e+01 2.331656e+02 -1.631290e+02
2.565566e+02 -9.228268e+01 6.326480e+01 1.010091e+02
7.753001e+01 0.000000e+00 6.982034e+01 7.709676e+00
3.702863e+00 0.000000e+00 5.109799e+00 -1.406936e+00
2.128004e+01 -9.228268e+01 -4.581667e+00 -6.642097e+01
1.820787e+02 9.228268e+01 1.549607e+02 1.194007e+02
2.637307e+02 9.228268e+01 1.477602e+02 2.082532e+02
-5.162152e+01 -9.228268e+01 -2.214059e+01 -1.217636e+02
-4.823874e+01 0.000000e+00 -1.558505e+01 -3.265369e+01
-5.889147e+01 0.000000e+00 -8.029559e+01 2.140412e+01
-9.403282e+01 -9.228268e+01 -8.998706e+01 -9.632844e+01
3.966154e+01 9.228268e+01 6.955533e+01 6.238889e+01
2.638837e+02 9.228268e+01 1.449326e+02 2.112338e+02
-5.291932e+01 -9.228268e+01 -2.496818e+01 -1.202338e+02
2.975109e+02 0.000000e+00 -1.841264e+01 3.159235e+02
-1.992137e+02 0.000000e+00 -8.312318e+01 -1.160905e+02
-1.384080e+02 -9.228268e+01 -9.281464e+01 -1.378761e+02
1.064992e+02 9.228268e+01 6.672774e+01 1.320542e+02
-2.447994e+02 9.228268e+01 1.712117e+02 -3.237285e+02
-2.385535e+02 -9.228268e+01 1.310972e+00 -3.321471e+02
9.833748e+00 0.000000e+00 7.866515e+00 1.967233e+00
-4.441479e+02 0.000000e+00 -5.684402e+01 -3.873039e+02
2.190308e+02 -9.228268e+01 -6.653549e+01 1.932836e+02
1.707000e+02 9.228268e+01 9.300689e+01 1.699758e+02
3.612164e+02 9.228268e+01 3.454932e+02 1.080059e+02
1.013110e+02 -9.228268e+01 1.755925e+02 -1.665642e+02
1.300502e+02 0.000000e+00 1.821480e+02 -5.209777e+01
-9.031775e+00 0.000000e+00 1.174375e+02 -1.264693e+02
2.135237e+02 -9.228268e+01 1.077460e+02 1.349497e+01
2.855423e+02 9.228268e+01 2.672884e+02 1.105365e+02
1.950693e+02 9.228268e+01 2.409030e+02 4.644895e+01
2.382530e+01 -9.228268e+01 7.100223e+01 -1.394596e+02
-9.011528e+01 0.000000e+00 7.755777e+01 -1.676731e+02
2.012277e+01 0.000000e+00 1.284723e+01 7.275535e+00
1.747946e+01 -9.228268e+01 3.155767e+00 -7.795898e+01
2.107707e+02 9.228268e+01 1.626982e+02 1.403552e+02
