-3.352674e+02 -2.513201e+02 -6.763801e+01 -5.189495e+02
-2.834601e+02 -2.513201e+02 -4.851720e+02 -4.960814e+01
-1.898844e+01 0.000000e+00 -1.721305e+01 -1.775389e+00
1.060892e+02 0.000000e+00 -4.598633e+01 1.520755e+02
4.202682e+01 2.513201e+02 1.890125e+02 1.043344e+02
3.308521e+02 2.513201e+02 2.569429e+02 3.252292e+02
-2.683227e+02 -2.513201e+02 -9.947821e+01 -4.201645e+02
-6.809670e+02 -2.513201e+02 -5.170122e+02 -4.152749e+02
-1.940624e+02 0.000000e+00 -4.905325e+01 -1.450092e+02
-1.988788e+02 0.000000e+00 -7.782653e+01 -1.210522e+02
3.412915e+02 2.513201e+02 1.571723e+02 4.354393e+02
3.890719e+02 2.513201e+02 2.251027e+02 4.152892e+02
2.561118e+02 -2.513201e+02 -1.224548e+02 1.272465e+02
-1.596902e+02 -2.513201e+02 -5.399888e+02 1.289786e+02
-1.280350e+01 0.000000e+00 -7.202982e+01 5.922632e+01
-4.552503e+02 0.000000e+00 -1.008031e+02 -3.544472e+02
-2.593641e+00 2.513201e+02 1.341957e+02 1.145307e+02
3.042824e+02 2.513201e+02 2.021262e+02 3.534763e+02
-2.219810e+02 -2.513201e+02 9.214015e+01 -5.654413e+02
-7.080649e+02 -2.513201e+02 -3.253939e+02 -6.339911e+02
1.881966e+02 0.000000e+00 1.425651e+02 4.563148e+01
3.872914e+02 0.000000e+00 1.137918e+02 2.734995e+02
6.790366e+02 2.513201e+02 3.487907e+02 5.815660e+02
1.106365e+02 2.513201e+02 4.167211e+02 -5.476454e+01
1.529563e+02 -2.513201e+02 -5.932370e+01 -3.904009e+01
-2.567417e+02 -2.513201e+02 -4.768577e+02 -3.120407e+01
5.062693e+02 0.000000e+00 -8.898734e+00 5.151681e+02
9.054131e+01 0.000000e+00 -3.767201e+01 1.282133e+02
-2.516497e+02 2.513201e+02 1.973268e+02 -1.976564e+02
1.058537e+02 2.513201e+02 2.652573e+02 9.191651e+01
-2.093298e+02 -2.513201e+02 -1.011696e+02 -3.594803e+02
-7.063069e+02 -2.513201e+02 -5.187036e+02 -4.389233e+02
-1.182665e+01 0.000000e+00 -5.074463e+01 3.891799e+01
4.190028e+01 0.000000e+00 -7.951791e+01 1.214182e+02
1.955031e+02 2.513201e+02 1.554809e+02 2.913422e+02
1.156805e+02 2.513201e+02 2.234114e+02 1.435892e+02
-3.043766e+02 -2.513201e+02 -1.241781e+02 -4.315186e+02
-5.090309e+02 -2.513201e+02 -5.417121e+02 -2.186389e+02
-1.102014e+02 0.000000e+00 -7.375314e+01 -3.644822e+01
-1.066218e+02 0.000000e+00 -1.025264e+02 -4.095343e+00
2.938447e+02 2.513201e+02 1.324724e+02 4.126924e+02
7.086825e+01 2.513201e+02 2.004029e+02 1.217854e+02
5.896775e+01 -2.513201e+02 -1.748757e+02 -1.747660e+01
-3.755554e+02 -2.513201e+02 -5.924097e+02 -3.446569e+01
-2.560956e+02 0.000000e+00 -1.244507e+02 -1.316449e+02
-6.196581e+02 0.000000e+00 -1.532240e+02 -4.664341e+02
2.984030e+02 2.513201e+02 8.177481e+01 4.679482e+02
2.235240e+02 2.513201e+02 1.497053e+02 3.251388e+02
4.158543e+02 -2.513201e+02 7.794998e+01 8.658425e+01
-4.374361e+01 -2.513201e+02 -3.395840e+02 4.452038e+01
-3.552025e+02 0.000000e+00 1.283749e+02 -4.835774e+02
1.370971e+02 0.000000e+00 9.960166e+01 3.749546e+01
1.463186e+02 2.513201e+02 3.346005e+02 6.303820e+01
7.239669e+02 2.513201e+02 4.025309e+02 5.727560e+02
