8.760593e+01 -1.008228e+02 -1.653054e+02 1.520885e+02
3.608877e+02 1.008228e+02 2.177748e+02 2.439357e+02
-3.300815e+01 -1.008228e+02 -1.442618e+02 1.043079e+01
-6.126260e+01 1.008228e+02 1.295765e+01 2.660260e+01
-2.204090e+02 -1.008228e+02 -5.891420e+01 -2.623176e+02
9.239947e+00 1.008228e+02 5.723239e+00 1.043396e+02
-4.491102e+01 -1.008228e+02 -1.127446e+02 -3.298925e+01
2.750335e+02 1.008228e+02 2.703356e+02 1.055207e+02
-1.078240e+02 -1.008228e+02 -9.170097e+01 -1.169459e+02
3.320850e+01 1.008228e+02 6.551846e+01 6.851288e+01
6.593884e+01 -1.008228e+02 -6.353383e+00 -2.853063e+01
-1.035922e+01 1.008228e+02 5.828405e+01 3.217957e+01
-1.790968e+02 -1.008228e+02 -9.617340e+01 -1.837462e+02
9.838622e+01 1.008228e+02 2.869068e+02 -8.769774e+01
-1.543831e+02 -1.008228e+02 -7.512976e+01 -1.800762e+02
2.324985e+02 1.008228e+02 8.208967e+01 2.512317e+02
-7.907082e+01 -1.008228e+02 1.021783e+01 -1.901115e+02
2.090148e+02 1.008228e+02 7.485526e+01 2.349824e+02
-7.154610e+01 -1.008228e+02 -1.286862e+02 -4.368278e+01
3.551273e+02 1.008228e+02 2.543940e+02 2.015562e+02
-1.923127e+02 -1.008228e+02 -1.076425e+02 -1.854930e+02
1.254000e+02 1.008228e+02 4.957691e+01 1.766460e+02
8.446572e+01 -1.008228e+02 -2.229493e+01 5.937810e+00
-2.286116e+02 1.008228e+02 4.234250e+01 -1.701312e+02
-3.361956e+02 -1.008228e+02 -1.460045e+02 -2.910140e+02
3.082608e+02 1.008228e+02 2.370757e+02 1.720079e+02
-2.764897e+02 -1.008228e+02 -1.249608e+02 -2.523517e+02
2.846959e+01 1.008228e+02 3.225862e+01 9.703382e+01
2.986876e+01 -1.008228e+02 -3.961323e+01 -3.134085e+01
1.548770e+02 1.008228e+02 2.502421e+01 2.306756e+02
-1.345439e+02 -1.008228e+02 -4.735698e+01 -1.880097e+02
-8.609872e+01 1.008228e+02 3.357232e+02 -3.209991e+02
1.123698e+02 -1.008228e+02 -2.631334e+01 3.786025e+01
9.805705e+01 1.008228e+02 1.309061e+02 6.797381e+01
1.806191e+02 -1.008228e+02 5.903425e+01 2.076197e+01
-1.548364e+02 1.008228e+02 1.236717e+02 -1.776852e+02
3.262555e+01 -1.008228e+02 -1.475444e+02 7.934711e+01
5.383431e+02 1.008228e+02 2.355358e+02 4.036301e+02
-3.206161e+02 -1.008228e+02 -1.265008e+02 -2.949382e+02
2.159214e+02 1.008228e+02 3.071867e+01 2.860255e+02
-1.844158e+02 -1.008228e+02 -4.115318e+01 -2.440854e+02
2.435952e+00 1.008228e+02 2.348426e+01 7.977454e+01
-4.556467e+01 -1.008228e+02 -1.138451e+02 -3.254242e+01
1.984122e+02 1.008228e+02 2.692351e+02 2.999991e+01
4.690431e+01 -1.008228e+02 -9.280145e+01 3.888292e+01
-2.707467e+01 1.008228e+02 6.441798e+01 9.330198e+00
-7.878764e+01 -1.008228e+02 -7.453866e+00 -1.721566e+02
1.675395e+02 1.008228e+02 5.718357e+01 2.111788e+02
-5.228755e+02 -1.008228e+02 -1.367057e+02 -4.869927e+02
-1.666674e+02 1.008228e+02 2.463745e+02 -3.122190e+02
1.073805e+02 -1.008228e+02 -1.156621e+02 1.222198e+02
-1.400342e+01 1.008228e+02 4.155733e+01 4.526210e+01
-2.228683e+01 -1.008228e+02 -3.031452e+01 -9.279516e+01
3.177430e+01 1.008228e+02 3.432292e+01 9.827422e+01
