-7.414026e+02 -6.829732e+02 3.308413e+01 -1.457460e+03
2.526170e+03 -6.829732e+02 -4.131107e+02 2.256308e+03
1.690580e+03 6.829732e+02 9.241532e+02 1.449400e+03
1.382495e+03 6.829732e+02 1.176563e+03 8.889051e+02
-8.503159e+01 0.000000e+00 2.402350e+02 -3.252666e+02
2.571171e+02 0.000000e+00 2.433856e+02 1.373145e+01
-1.268042e+03 -6.829732e+02 -9.263704e+02 -1.024645e+03
-3.788800e+03 -6.829732e+02 -1.372565e+03 -3.099208e+03
-8.568248e+02 6.829732e+02 -3.530125e+01 -1.385503e+02
1.809560e+03 6.829732e+02 2.171089e+02 2.275425e+03
-5.756816e+02 0.000000e+00 -7.192195e+02 1.435379e+02
-5.181993e+02 0.000000e+00 -7.160689e+02 1.978695e+02
-1.441989e+02 -6.829732e+02 -2.561548e+02 -5.710174e+02
1.103357e+03 -6.829732e+02 -7.023496e+02 1.122733e+03
3.510396e+02 6.829732e+02 6.349144e+02 3.990984e+02
1.145996e+03 6.829732e+02 8.873245e+02 9.416449e+02
-8.278677e+00 0.000000e+00 -4.900393e+01 4.072525e+01
1.826239e+02 0.000000e+00 -4.585327e+01 2.284771e+02
9.756443e+02 -6.829732e+02 -6.827587e+02 9.754298e+02
-5.437620e+02 -6.829732e+02 -1.128954e+03 -9.778171e+01
-1.630573e+02 6.829732e+02 2.083104e+02 3.116054e+02
1.779244e+02 6.829732e+02 4.607206e+02 4.001771e+02
-5.200963e+02 0.000000e+00 -4.756078e+02 -4.448841e+01
-2.877853e+02 0.000000e+00 -4.724572e+02 1.846719e+02
2.497997e+02 -6.829732e+02 -3.916794e+02 -4.149410e+01
-2.564289e+03 -6.829732e+02 -8.378742e+02 -2.409388e+03
6.194190e+02 6.829732e+02 4.993897e+02 8.030025e+02
-2.337575e+02 6.829732e+02 7.517999e+02 -3.025841e+02
-2.583680e+02 0.000000e+00 -1.845286e+02 -7.383946e+01
-2.069034e+02 0.000000e+00 -1.813779e+02 -2.552553e+01
1.374851e+03 -6.829732e+02 -3.389192e+02 1.030797e+03
-1.597068e+03 -6.829732e+02 -7.851140e+02 -1.494927e+03
1.716598e+03 6.829732e+02 5.521500e+02 1.847422e+03
-4.183206e+02 6.829732e+02 8.045601e+02 -5.399074e+02
-4.127913e+02 0.000000e+00 -1.317683e+02 -2.810230e+02
3.216585e+02 0.000000e+00 -1.286177e+02 4.502762e+02
-7.401217e+02 -6.829732e+02 -4.403431e+02 -9.827518e+02
-3.111004e+03 -6.829732e+02 -8.865379e+02 -2.907440e+03
6.836537e+02 6.829732e+02 4.507260e+02 9.159009e+02
-2.130473e+02 6.829732e+02 7.031361e+02 -2.332102e+02
3.712342e+02 0.000000e+00 -2.331923e+02 6.044265e+02
-1.181780e+03 0.000000e+00 -2.300416e+02 -9.517381e+02
-8.324517e+02 -6.829732e+02 -1.466438e+02 -1.368781e+03
9.309539e+02 -6.829732e+02 -5.928386e+02 8.408193e+02
8.019775e+02 6.829732e+02 7.444253e+02 7.405254e+02
2.143326e+03 6.829732e+02 9.968354e+02 1.829464e+03
3.686131e+02 0.000000e+00 6.050704e+01 3.081061e+02
-2.405534e+03 0.000000e+00 6.365770e+01 -2.469192e+03
-2.031410e+03 -6.829732e+02 -7.705556e+02 -1.943828e+03
1.490152e+02 -6.829732e+02 -1.216750e+03 6.827924e+02
-1.398974e+02 6.829732e+02 1.205135e+02 4.225622e+02
1.395298e+03 6.829732e+02 3.729237e+02 1.705348e+03
-7.885305e+02 0.000000e+00 -5.634048e+02 -2.251257e+02
-1.095287e+02 0.000000e+00 -5.602541e+02 4.507254e+02
