1.930969e+02 4.123550e+02
-9.294300e+01 -9.422850e+01
2.176697e+02 7.995471e+01
4.282047e+01 -1.591409e+02
1.148350e+02 2.041633e+02
-7.845253e+01 1.246626e+01
-1.765300e+02 3.716263e+02
3.709222e+02 -1.349572e+02
1.374918e+02 3.922604e+01
-1.302208e+02 -1.998696e+02
8.969979e+01 1.634346e+02
5.302156e+01 -2.826241e+01
-1.751702e+02 1.131519e+02
-1.475318e+02 -3.934316e+02
-3.968428e+02 -2.192484e+02
-5.236730e+02 -4.583440e+02
2.507899e+00 -9.503982e+01
-1.490525e+02 -2.867368e+02
4.963494e+02 4.204812e+02
-2.532619e+02 -8.610226e+01
1.159643e+02 8.808094e+01
-1.177653e+02 -1.510147e+02
1.105619e+02 2.122895e+02
1.690082e+02 2.059250e+01
3.566926e+02 2.764876e+02
3.712659e+02 -2.300959e+02
5.122175e+00 -5.591267e+01
-5.617971e+02 -2.950083e+02
1.007503e+02 6.829589e+01
-1.696904e+02 -1.234011e+02
2.913676e+02 3.700530e+02
-8.406484e+02 -1.365305e+02
2.599467e+02 3.765271e+01
-8.000212e+02 -2.014429e+02
5.268628e+02 1.618613e+02
-2.787457e+02 -2.983573e+01
3.692937e+02 2.666731e+02
-1.589208e+02 -2.399104e+02
-2.853945e+02 -6.572718e+01
-2.035834e+02 -3.048228e+02
9.334064e+01 5.848138e+01
-1.710538e+02 -1.332156e+02
5.429342e+02 1.414587e+02
-8.648790e+01 -3.651248e+02
-4.556317e+02 -1.909416e+02
-5.445808e+02 -4.300372e+02
-1.753305e+02 -6.673299e+01
-7.407047e+01 -2.584300e+02
5.111834e+02 4.625485e+02
-4.933045e+02 -4.403495e+01
3.033269e+02 1.301483e+02
-6.141188e+01 -1.089474e+02
2.856046e+02 2.543568e+02
7.834313e+00 6.265981e+01
