3.448483e+02 1.450172e+02
4.565428e+01 3.220208e+02
-2.660544e+02 -1.665929e+02
-2.794196e+02 -3.635912e+02
7.547207e+01 3.496059e+01
1.478439e+02 8.406593e+01
4.130886e+01 1.821790e+02
5.833432e+02 3.591826e+02
-2.787461e+02 -1.294311e+02
-1.203504e+02 -3.264294e+02
5.697714e+01 7.212239e+01
6.995731e+01 1.212277e+02
-3.097394e+01 8.372639e+01
3.318966e+02 2.607299e+02
-2.716105e+02 -2.278838e+02
-4.487020e+02 -4.248820e+02
1.649256e+02 -2.633023e+01
-1.120236e+02 2.277510e+01
8.908826e+01 3.210171e+02
6.241957e+02 4.980206e+02
1.202986e+02 9.406923e+00
-4.160836e+02 -1.875913e+02
2.436340e+02 2.109605e+02
3.815359e+02 2.600658e+02
2.249113e+02 2.781524e+02
-1.986625e+02 4.551559e+02
3.701853e+02 -3.345776e+01
-1.609999e+02 -2.304560e+02
-1.830616e+02 1.680958e+02
4.431526e+02 2.172011e+02
8.135814e+01 2.175840e+02
2.294466e+02 3.945876e+02
8.043085e+01 -9.402615e+01
-2.854105e+02 -2.910244e+02
3.254522e+02 1.075274e+02
-2.626778e+02 1.566327e+02
6.455085e+02 2.754766e+02
2.548674e+02 4.524802e+02
1.258478e+02 -3.613354e+01
-1.051431e+02 -2.331318e+02
-1.561331e+02 1.654200e+02
3.676493e+02 2.145253e+02
4.078419e+02 3.742706e+02
1.440867e+03 5.512742e+02
-2.613862e+02 6.266045e+01
-8.795698e+02 -1.343378e+02
6.282629e+02 2.642140e+02
3.812817e+02 3.133193e+02
3.191142e+02 1.275388e+02
1.067001e+02 3.045423e+02
-3.157063e+02 -1.840714e+02
-2.025730e+02 -3.810696e+02
-5.038027e+01 1.748215e+01
1.958065e+02 6.658749e+01
