1.933158e+02 2.082650e+02 -4.011091e+01 4.416918e+02
3.296513e+01 -2.082650e+02 -1.442066e+02 -3.109332e+01
3.389102e+02 0.000000e+00 8.382256e+01 2.550876e+02
-8.764803e+02 0.000000e+00 -3.094442e+02 -5.670362e+02
-5.868524e+01 -2.082650e+02 -2.795716e+02 1.262136e+01
-1.434447e+02 2.082650e+02 9.654223e+01 -3.172194e+01
-3.532769e+02 2.082650e+02 1.081452e+02 -2.531571e+02
3.628800e+02 -2.082650e+02 4.049513e+00 1.505655e+02
2.567534e+02 0.000000e+00 2.320786e+02 2.467479e+01
-2.610209e+01 0.000000e+00 -1.611881e+02 1.350860e+02
-3.584041e+01 -2.082650e+02 -1.313155e+02 -1.127899e+02
7.367094e+01 2.082650e+02 2.447983e+02 3.713765e+01
1.255858e+02 2.082650e+02 1.770843e+02 1.567666e+02
2.054188e+02 -2.082650e+02 7.298862e+01 -7.583481e+01
3.263782e+02 0.000000e+00 3.010177e+02 2.536047e+01
6.764754e+01 0.000000e+00 -9.224899e+01 1.598965e+02
-1.881477e+02 -2.082650e+02 -6.237644e+01 -3.340363e+02
3.290843e+02 2.082650e+02 3.137374e+02 2.236119e+02
1.176446e+03 2.082650e+02 3.988677e+02 9.858433e+02
2.694222e+02 -2.082650e+02 2.947721e+02 -2.336148e+02
3.124058e+02 0.000000e+00 5.228012e+02 -2.103954e+02
-1.123607e+02 0.000000e+00 1.295344e+02 -2.418951e+02
3.932460e+00 -2.082650e+02 1.594070e+02 -3.637396e+02
9.744517e+02 2.082650e+02 5.355209e+02 6.471958e+02
-5.738967e+00 2.082650e+02 1.397206e+02 6.280540e+01
-3.092551e+02 -2.082650e+02 3.562500e+01 -5.531451e+02
2.624951e+02 0.000000e+00 2.636541e+02 -1.158998e+00
-6.884887e+01 0.000000e+00 -1.296126e+02 6.076375e+01
-2.369633e+02 -2.082650e+02 -9.974006e+01 -3.454882e+02
5.059233e+02 2.082650e+02 2.763738e+02 4.378146e+02
-7.336390e+01 2.082650e+02 -1.010340e+02 2.359351e+02
-1.443884e+02 -2.082650e+02 -2.051297e+02 -1.475237e+02
-3.192525e+01 0.000000e+00 2.289945e+01 -5.482469e+01
-7.830721e+01 0.000000e+00 -3.703673e+02 2.920601e+02
-1.746034e+02 -2.082650e+02 -3.404947e+02 -4.237365e+01
-4.723873e+02 2.082650e+02 3.561912e+01 -2.997414e+02
3.212074e+02 2.082650e+02 -1.556955e+00 5.310294e+02
-2.539668e+02 -2.082650e+02 -1.056526e+02 -3.565792e+02
1.970374e+02 0.000000e+00 1.223765e+02 7.466090e+01
-2.998958e+02 0.000000e+00 -2.708902e+02 -2.900556e+01
-2.356997e+02 -2.082650e+02 -2.410177e+02 -2.029470e+02
9.121463e+01 2.082650e+02 1.350962e+02 1.643835e+02
5.478841e+01 2.082650e+02 5.468231e+01 2.083711e+02
-1.317220e+02 -2.082650e+02 -4.941334e+01 -2.905737e+02
2.128428e+02 0.000000e+00 1.786158e+02 3.422703e+01
-1.268131e+02 0.000000e+00 -2.146510e+02 8.783787e+01
-2.557290e+02 -2.082650e+02 -1.847784e+02 -2.792156e+02
2.096836e+02 2.082650e+02 1.913355e+02 2.266132e+02
6.468947e+01 2.082650e+02 -3.038306e+02 5.767851e+02
-4.267494e+02 -2.082650e+02 -4.079263e+02 -2.270882e+02
-3.587745e+02 0.000000e+00 -1.798972e+02 -1.788773e+02
-7.925460e+02 0.000000e+00 -5.731639e+02 -2.193821e+02
-4.704982e+02 -2.082650e+02 -5.432913e+02 -1.354719e+02
-1.901135e+01 2.082650e+02 -1.671775e+02 3.564311e+02
