-1.740165e+01 3.773718e+02 4.887160e+02 -1.287459e+02
-1.295483e+03 -3.773718e+02 -6.938743e+02 -9.789805e+02
-3.066449e+02 -3.773718e+02 -2.051032e+02 -4.789135e+02
6.769604e+02 3.773718e+02 2.532042e+02 8.011280e+02
3.145216e+02 0.000000e+00 1.172040e+02 1.973176e+02
-3.804866e+02 0.000000e+00 -4.782157e+01 -3.326650e+02
1.596015e+03 3.773718e+02 7.402700e+02 1.233116e+03
-7.277816e+02 -3.773718e+02 -4.423203e+02 -6.628331e+02
2.121862e+02 -3.773718e+02 4.645079e+01 -2.116364e+02
1.055070e+03 3.773718e+02 5.047582e+02 9.276833e+02
1.897334e+02 0.000000e+00 3.687580e+02 -1.790247e+02
-1.175646e+02 0.000000e+00 2.037324e+02 -3.212970e+02
9.956163e+02 3.773718e+02 4.240524e+02 9.489356e+02
3.541130e+02 -3.773718e+02 -7.585379e+02 7.352791e+02
-3.944102e+02 -3.773718e+02 -2.697668e+02 -5.020152e+02
8.355935e+01 3.773718e+02 1.885406e+02 2.723906e+02
-2.751705e+01 0.000000e+00 5.254041e+01 -8.005746e+01
-2.936407e+02 0.000000e+00 -1.124852e+02 -1.811555e+02
-1.769373e+02 3.773718e+02 2.709574e+02 -7.052290e+01
-1.442850e+03 -3.773718e+02 -9.116329e+02 -9.085893e+02
-7.902346e+02 -3.773718e+02 -4.228619e+02 -7.447445e+02
7.480428e+02 3.773718e+02 3.544551e+01 1.089969e+03
-6.295861e+01 0.000000e+00 -1.005546e+02 3.759602e+01
-4.223952e+02 0.000000e+00 -2.655802e+02 -1.568150e+02
2.911586e+02 3.773718e+02 3.592391e+02 3.092913e+02
-5.727695e+02 -3.773718e+02 -8.233512e+02 -1.267900e+02
-3.273828e+02 -3.773718e+02 -3.345802e+02 -3.701744e+02
-4.959813e+02 3.773718e+02 1.237272e+02 -2.423367e+02
-5.162312e+01 0.000000e+00 -1.227292e+01 -3.935020e+01
1.981381e+02 0.000000e+00 -1.772985e+02 3.754366e+02
6.699034e+02 3.773718e+02 4.175228e+02 6.297523e+02
-1.269053e+03 -3.773718e+02 -7.650674e+02 -8.813573e+02
-1.504087e+02 -3.773718e+02 -2.762964e+02 -2.514840e+02
-1.423875e+03 3.773718e+02 1.820110e+02 -1.228514e+03
1.888221e+02 0.000000e+00 4.601083e+01 1.428113e+02
2.075567e+02 0.000000e+00 -1.190148e+02 3.265715e+02
1.117292e+03 3.773718e+02 4.813941e+02 1.013270e+03
3.110871e+02 -3.773718e+02 -7.011961e+02 6.349115e+02
-6.027646e+01 -3.773718e+02 -2.124251e+02 -2.252231e+02
6.589138e+01 3.773718e+02 2.458823e+02 1.973809e+02
-1.602829e+02 0.000000e+00 1.098821e+02 -2.701650e+02
3.146595e+01 0.000000e+00 -5.514345e+01 8.660940e+01
-9.648254e+01 3.773718e+02 2.946347e+02 -1.374546e+01
-5.160829e+02 -3.773718e+02 -8.879556e+02 -5.499146e+00
-3.873260e+02 -3.773718e+02 -3.991845e+02 -3.655132e+02
-2.675193e+02 3.773718e+02 5.912285e+01 5.072963e+01
-4.336445e+01 0.000000e+00 -7.687729e+01 3.351284e+01
3.521806e+00 0.000000e+00 -2.419029e+02 2.454247e+02
-8.206533e+02 3.773718e+02 2.700006e+02 -7.132821e+02
-1.514136e+03 -3.773718e+02 -9.125897e+02 -9.789183e+02
-1.072883e+02 -3.773718e+02 -4.238186e+02 -6.084144e+01
-8.223056e+01 3.773718e+02 3.448872e+01 2.606525e+02
1.937200e+02 0.000000e+00 -1.015114e+02 2.952315e+02
-5.069045e+02 0.000000e+00 -2.665370e+02 -2.403675e+02
