1.619242e+02 2.606120e+02
-2.231955e+02 -2.849926e+02
4.645263e+01 -5.405885e+01
2.230594e+02 1.002418e+02
-7.568249e+00 4.614722e+01
-3.405603e+01 1.007083e+02
-1.644581e+02 7.974119e+01
-2.717087e+02 -4.658634e+02
-4.210996e+02 -2.349296e+02
-6.204992e+01 -8.062900e+01
-2.426125e+00 -1.347235e+02
-1.319032e+02 -8.016243e+01
-6.217294e+01 2.243956e+02
-5.157382e+02 -3.212089e+02
-5.686812e+00 -9.027519e+01
1.785273e+02 6.402541e+01
-4.161537e+01 9.930876e+00
2.102667e+02 6.449198e+01
4.625772e+02 2.666993e+02
-2.138544e+02 -2.789052e+02
-5.090591e+01 -4.797149e+01
-1.073981e+02 1.063291e+02
1.467385e+02 5.223458e+01
8.378340e+01 1.067957e+02
-1.213851e+02 4.468994e+01
-5.748365e+02 -5.009146e+02
-1.878384e+02 -2.699809e+02
-1.007432e+02 -1.156803e+02
-2.942928e+02 -1.697748e+02
-2.327932e+01 -1.152137e+02
3.407808e+02 1.768798e+02
-1.925034e+02 -3.687248e+02
-9.329447e+00 -1.377910e+02
-1.978440e+01 1.650957e+01
-1.214066e+01 -3.758496e+01
-2.374181e+02 1.697614e+01
1.065232e+02 1.934007e+02
-6.575226e+02 -3.522038e+02
-1.890219e+02 -1.212701e+02
-1.680798e+01 3.303051e+01
-1.528458e+01 -2.106403e+01
2.975042e+02 3.349708e+01
6.328929e+02 2.434811e+02
4.803105e+01 -3.021235e+02
-2.929504e+02 -7.118971e+01
2.021536e+01 8.311090e+01
5.885157e+01 2.901636e+01
6.764478e+01 8.357747e+01
4.736726e+02 3.877139e+02
-2.057148e+02 -1.578907e+02
2.250478e+02 7.304308e+01
2.555142e+02 2.273437e+02
5.601270e+01 1.732491e+02
1.798920e+02 2.278103e+02
