-5.109879e+02 -1.238353e+02 -2.894103e+02 -3.454128e+02
-1.556175e+02 -1.238353e+02 -9.156890e+01 -1.878839e+02
1.378976e+02 0.000000e+00 -1.329279e+01 1.511904e+02
1.085548e+02 0.000000e+00 3.579086e+01 7.276397e+01
-3.137339e+01 1.238353e+02 9.674906e+01 -4.287184e+00
1.484240e+02 1.238353e+02 9.551615e+01 1.767432e+02
-3.468184e+02 -1.238353e+02 -2.406707e+02 -2.299829e+02
-3.399559e+01 -1.238353e+02 -4.282929e+01 -1.150016e+02
-7.259717e+00 0.000000e+00 3.544683e+01 -4.270654e+01
-1.250828e+02 0.000000e+00 8.453048e+01 -2.096133e+02
1.873723e+02 1.238353e+02 1.454887e+02 1.657189e+02
3.072375e+02 1.238353e+02 1.442558e+02 2.868170e+02
-3.385150e+02 -1.238353e+02 -2.910178e+02 -1.713325e+02
-5.815820e+01 -1.238353e+02 -9.317636e+01 -8.881710e+01
-1.678138e+02 0.000000e+00 -1.490025e+01 -1.529135e+02
3.633381e+01 0.000000e+00 3.418340e+01 2.150406e+00
1.487904e+02 1.238353e+02 9.514160e+01 1.774841e+02
1.658583e+02 1.238353e+02 9.390869e+01 1.957849e+02
-3.265850e+02 -1.238353e+02 -3.938771e+02 -5.654317e+01
1.098669e+02 -1.238353e+02 -1.960357e+02 1.820673e+02
-2.179256e+02 0.000000e+00 -1.177596e+02 -1.001660e+02
8.099550e+01 0.000000e+00 -6.867591e+01 1.496714e+02
-1.589269e+02 1.238353e+02 -7.717709e+00 -2.737394e+01
-3.353194e-01 1.238353e+02 -8.950626e+00 1.324506e+02
-1.501711e+02 -1.238353e+02 -2.958431e+02 2.183679e+01
4.888210e+01 -1.238353e+02 -9.800168e+01 2.304851e+01
-2.635317e+01 0.000000e+00 -1.972556e+01 -6.627611e+00
7.468069e+01 0.000000e+00 2.935809e+01 4.532260e+01
9.896054e+01 1.238353e+02 9.031629e+01 1.324795e+02
-3.409950e+01 1.238353e+02 8.908337e+01 6.523933e-01
-7.563033e+02 -1.238353e+02 -2.858879e+02 -5.942507e+02
-9.921091e+01 -1.238353e+02 -8.804650e+01 -1.349997e+02
1.545302e+02 0.000000e+00 -9.770390e+00 1.643006e+02
3.716396e+01 0.000000e+00 3.931326e+01 -2.149307e+00
1.424356e+02 1.238353e+02 1.002715e+02 1.659994e+02
5.835127e+01 1.238353e+02 9.903855e+01 8.314799e+01
-3.809542e+02 -1.238353e+02 -3.483354e+02 -1.564540e+02
-1.169284e+02 -1.238353e+02 -1.504940e+02 -9.026972e+01
-3.965950e+01 0.000000e+00 -7.221784e+01 3.255835e+01
-5.968904e+01 0.000000e+00 -2.313419e+01 -3.655485e+01
6.361584e+01 1.238353e+02 3.782401e+01 1.496271e+02
1.572698e+01 1.238353e+02 3.659109e+01 1.029712e+02
-1.226273e+02 -1.238353e+02 -4.404073e+02 1.939447e+02
-4.744166e+02 -1.238353e+02 -2.425659e+02 -3.556860e+02
-4.848227e+02 0.000000e+00 -1.642898e+02 -3.205329e+02
9.025000e+00 0.000000e+00 -1.152061e+02 1.242311e+02
9.967551e+01 1.238353e+02 -5.424791e+01 2.777587e+02
-1.735413e+02 1.238353e+02 -5.548082e+01 5.774754e+00
-9.332643e+01 -1.238353e+02 -3.043506e+02 8.718893e+01
-3.252861e+02 -1.238353e+02 -1.065092e+02 -3.426122e+02
2.141843e+02 0.000000e+00 -2.823307e+01 2.424173e+02
-2.122200e+02 0.000000e+00 2.085058e+01 -2.330706e+02
2.380431e+01 1.238353e+02 8.180878e+01 6.583080e+01
1.306660e+02 1.238353e+02 8.057586e+01 1.739254e+02
