-3.409102e+02 -1.082515e+02 -1.111074e+02 -3.380543e+02
-3.971143e+01 -1.082515e+02 -7.921646e+01 -6.874646e+01
-5.338652e+00 1.082515e+02 1.001526e+02 2.760260e+00
1.270772e+02 1.082515e+02 1.271263e+02 1.082024e+02
3.900053e+01 0.000000e+00 -4.264155e+01 8.164208e+01
7.641193e+01 0.000000e+00 3.801420e+01 3.839773e+01
-4.252719e+01 -1.082515e+02 3.048462e+01 -1.812633e+02
-2.212764e+00 -1.082515e+02 6.237555e+01 -1.728398e+02
2.270326e+02 1.082515e+02 2.417446e+02 9.353951e+01
4.996385e+02 1.082515e+02 2.687183e+02 3.391717e+02
1.256338e+01 0.000000e+00 9.895045e+01 -8.638707e+01
2.173194e+02 0.000000e+00 1.796062e+02 3.771321e+01
-2.015052e+02 -1.082515e+02 -1.073747e+02 -2.023820e+02
-8.984940e+01 -1.082515e+02 -7.548377e+01 -1.226171e+02
1.513925e+02 1.082515e+02 1.038853e+02 1.557587e+02
8.524232e+01 1.082515e+02 1.308590e+02 6.263483e+01
1.486345e+01 0.000000e+00 -3.890887e+01 5.377232e+01
9.923888e-01 0.000000e+00 4.174688e+01 -4.075449e+01
2.200453e+02 -1.082515e+02 -2.963400e+01 1.414278e+02
-9.064896e+01 -1.082515e+02 2.256934e+00 -2.011574e+02
2.991750e+02 1.082515e+02 1.816260e+02 2.258005e+02
6.026765e+01 1.082515e+02 2.085997e+02 -4.008054e+01
6.737296e+01 0.000000e+00 3.883184e+01 2.854112e+01
1.321152e+02 0.000000e+00 1.194876e+02 1.262757e+01
-1.708728e+02 -1.082515e+02 -1.311885e+02 -1.479358e+02
4.125768e+02 -1.082515e+02 -9.929756e+01 4.036229e+02
7.490202e+01 1.082515e+02 8.007147e+01 1.030820e+02
-2.327209e+01 1.082515e+02 1.070452e+02 -2.206579e+01
-1.005509e+01 0.000000e+00 -6.272265e+01 5.266756e+01
3.764863e+01 0.000000e+00 1.793310e+01 1.971553e+01
-5.438376e+01 -1.082515e+02 -5.024777e+01 -1.123875e+02
-2.106306e+02 -1.082515e+02 -1.835684e+01 -3.005252e+02
8.230164e+01 1.082515e+02 1.610122e+02 2.954094e+01
2.767550e+02 1.082515e+02 1.879859e+02 1.970206e+02
1.235307e+01 0.000000e+00 1.821806e+01 -5.864991e+00
1.189924e+02 0.000000e+00 9.887381e+01 2.011860e+01
9.155200e+01 -1.082515e+02 1.084136e+00 -1.778362e+01
1.511926e+02 -1.082515e+02 3.297507e+01 9.966058e+00
4.537881e+01 1.082515e+02 2.123441e+02 -5.871380e+01
3.118892e+02 1.082515e+02 2.393178e+02 1.808229e+02
-3.500743e+01 0.000000e+00 6.954997e+01 -1.045574e+02
2.168081e+02 0.000000e+00 1.502057e+02 6.660241e+01
-1.929421e+02 -1.082515e+02 -1.401597e+02 -1.610339e+02
-1.348755e+02 -1.082515e+02 -1.082688e+02 -1.348581e+02
1.627297e+02 1.082515e+02 7.110023e+01 1.998810e+02
2.172509e+02 1.082515e+02 9.807394e+01 2.274284e+02
-1.242156e+02 0.000000e+00 -7.169390e+01 -5.252172e+01
-1.488940e+02 0.000000e+00 8.961851e+00 -1.578558e+02
2.902045e+01 -1.082515e+02 -1.959694e+02 1.167383e+02
-3.248506e+02 -1.082515e+02 -1.640784e+02 -2.690237e+02
1.692955e+02 1.082515e+02 1.529061e+01 2.622564e+02
1.263308e+02 1.082515e+02 4.226432e+01 1.923180e+02
-1.876953e+02 0.000000e+00 -1.275035e+02 -6.019173e+01
-2.185727e+02 0.000000e+00 -4.684777e+01 -1.717249e+02
