-1.164438e+03 -1.678484e+02 -5.806686e+02 -7.516174e+02
-4.536131e+02 1.678484e+02 -1.134950e+01 -2.744153e+02
-3.272737e+02 -1.678484e+02 -4.625566e+02 -3.256545e+01
9.371788e+01 1.678484e+02 -6.045768e+01 3.220239e+02
-4.716003e+02 -1.678484e+02 -3.573530e+02 -2.820957e+02
-1.662922e+02 1.678484e+02 -3.216807e+02 3.232369e+02
-8.585126e+02 -1.678484e+02 -6.722029e+02 -3.541581e+02
1.448731e+02 1.678484e+02 -1.028837e+02 4.156052e+02
-4.812092e+02 -1.678484e+02 -5.540908e+02 -9.496675e+01
-9.945379e+00 1.678484e+02 -1.519919e+02 3.098949e+02
-5.057904e+02 -1.678484e+02 -4.488872e+02 -2.247516e+02
-4.768434e+02 1.678484e+02 -4.132150e+02 1.042200e+02
-8.642745e+02 -1.678484e+02 -1.767856e+01 -1.014444e+03
7.182180e+02 1.678484e+02 5.516405e+02 3.344258e+02
3.053491e+02 -1.678484e+02 1.004334e+02 3.706727e+01
2.551001e+02 1.678484e+02 5.025324e+02 -7.958390e+01
2.899672e+02 -1.678484e+02 2.056371e+02 -8.351828e+01
2.679757e+02 1.678484e+02 2.413093e+02 1.945147e+02
1.157134e+02 -1.678484e+02 -4.098857e+02 3.577507e+02
-2.394253e+02 1.678484e+02 1.594334e+02 -2.310103e+02
-1.724089e+02 -1.678484e+02 -2.917737e+02 -4.848357e+01
3.861173e+01 1.678484e+02 1.103252e+02 9.613486e+01
-3.895861e+02 -1.678484e+02 -1.865700e+02 -3.708644e+02
1.099552e+02 1.678484e+02 -1.508978e+02 4.287014e+02
-1.573202e+02 -1.678484e+02 -6.472262e+02 3.220576e+02
1.034824e+03 1.678484e+02 -7.790706e+01 1.280579e+03
-5.255883e+02 -1.678484e+02 -5.291142e+02 -1.643225e+02
-1.501014e+02 1.678484e+02 -1.270152e+02 1.447622e+02
-3.932615e+02 -1.678484e+02 -4.239105e+02 -1.371994e+02
-6.438448e+02 1.678484e+02 -3.882383e+02 -8.775811e+01
-9.519319e+02 -1.678484e+02 -3.668678e+02 -7.529125e+02
1.306320e+02 1.678484e+02 2.024513e+02 9.602907e+01
-4.042961e+02 -1.678484e+02 -2.487558e+02 -3.233886e+02
3.203300e+02 1.678484e+02 1.533431e+02 3.348352e+02
-3.038538e+01 -1.678484e+02 -1.435522e+02 -5.468157e+01
3.061083e+00 1.678484e+02 -1.078800e+02 2.787894e+02
-6.233858e+02 -1.678484e+02 -3.254188e+02 -4.658154e+02
4.653268e+02 1.678484e+02 2.439003e+02 3.892748e+02
-3.014103e+02 -1.678484e+02 -2.073068e+02 -2.619519e+02
-8.949510e+00 1.678484e+02 1.947921e+02 -3.589326e+01
-7.406191e+01 -1.678484e+02 -1.021031e+02 -1.398071e+02
1.078205e+02 1.678484e+02 -6.643093e+01 3.420998e+02
3.384087e+02 -1.678484e+02 -3.272276e+02 4.977880e+02
-2.227778e+02 1.678484e+02 2.420915e+02 -2.970209e+02
-4.004328e+02 -1.678484e+02 -2.091156e+02 -3.591656e+02
2.320609e+02 1.678484e+02 1.929833e+02 2.069260e+02
-3.456165e+01 -1.678484e+02 -1.039120e+02 -9.849807e+01
-2.969747e+02 1.678484e+02 -6.823974e+01 -6.088655e+01
-8.083640e+02 -1.678484e+02 -8.839567e+02 -9.225572e+01
-2.556659e+02 1.678484e+02 -3.146376e+02 2.268201e+02
-6.666785e+02 -1.678484e+02 -7.658447e+02 -6.868218e+01
-4.727054e+02 1.678484e+02 -3.637457e+02 5.888870e+01
-5.079520e+02 -1.678484e+02 -6.606410e+02 -1.515939e+01
-9.281237e+02 1.678484e+02 -6.249688e+02 -1.353065e+02
