-1.146986e+02 1.279667e+02 3.605298e+02 -3.472617e+02
1.753970e+02 -1.279667e+02 5.905576e+01 -1.162547e+01
3.387227e+02 0.000000e+00 2.881863e+02 5.053638e+01
1.716175e+02 0.000000e+00 2.998066e+02 -1.281891e+02
1.434051e+02 -1.279667e+02 1.202240e+02 -1.047856e+02
4.679659e+02 1.279667e+02 3.591972e+02 2.367353e+02
-1.739075e+02 1.279667e+02 5.542342e+01 -1.013642e+02
1.203966e+02 -1.279667e+02 -2.460506e+02 2.384805e+02
-9.187044e+01 0.000000e+00 -1.692008e+01 -7.495035e+01
-1.090234e+02 0.000000e+00 -5.299748e+00 -1.037236e+02
-5.275801e+01 -1.279667e+02 -1.848823e+02 4.157645e+00
-2.508882e+01 1.279667e+02 5.409086e+01 4.878700e+01
1.288854e+02 1.279667e+02 -3.358314e+01 2.904352e+02
-2.751772e+02 -1.279667e+02 -3.350572e+02 -6.808666e+01
4.361596e+01 0.000000e+00 -1.059267e+02 1.495426e+02
-1.114981e+02 0.000000e+00 -9.430631e+01 -1.719179e+01
-3.117778e+02 -1.279667e+02 -2.738889e+02 -1.658555e+02
-1.726436e+02 1.279667e+02 -3.491570e+01 -9.761230e+00
4.382878e+01 1.279667e+02 -3.289691e+01 2.046924e+02
-5.231871e+02 -1.279667e+02 -3.343709e+02 -3.167829e+02
-2.156731e+02 0.000000e+00 -1.052404e+02 -1.104327e+02
-6.309424e+01 0.000000e+00 -9.362008e+01 3.052584e+01
-1.149145e+02 -1.279667e+02 -2.732027e+02 3.032154e+01
-5.003542e+01 1.279667e+02 -3.422947e+01 1.121607e+02
1.741768e+02 1.279667e+02 1.336996e+02 1.684439e+02
-4.696364e+02 -1.279667e+02 -1.677744e+02 -4.298286e+02
2.575598e+02 0.000000e+00 6.135609e+01 1.962037e+02
-9.897295e+01 0.000000e+00 7.297642e+01 -1.719494e+02
-1.856336e+02 -1.279667e+02 -1.066062e+02 -2.069941e+02
1.935205e+02 1.279667e+02 1.323670e+02 1.891201e+02
1.277079e+02 1.279667e+02 5.551094e+01 2.001636e+02
-3.560309e+02 -1.279667e+02 -2.459631e+02 -2.380345e+02
-2.701380e+02 0.000000e+00 -1.683256e+01 -2.533054e+02
2.060924e+02 0.000000e+00 -5.212228e+00 2.113046e+02
-5.659192e+01 -1.279667e+02 -1.847948e+02 2.362165e-01
1.859492e+01 1.279667e+02 5.417838e+01 9.238322e+01
9.382773e+01 1.279667e+02 2.231857e+02 -1.391276e+00
-6.297943e+01 -1.279667e+02 -7.828834e+01 -1.126578e+02
3.083943e+02 0.000000e+00 1.508422e+02 1.575521e+02
-3.974812e+01 0.000000e+00 1.624625e+02 -2.022106e+02
-1.432498e+02 -1.279667e+02 -1.712007e+01 -2.540964e+02
4.207273e+02 1.279667e+02 2.218531e+02 3.268408e+02
5.851656e+01 1.279667e+02 6.093872e+01 1.255445e+02
-2.539992e+02 -1.279667e+02 -2.405353e+02 -1.414305e+02
-1.267288e+02 0.000000e+00 -1.140479e+01 -1.153240e+02
1.460429e+02 0.000000e+00 2.155485e-01 1.458273e+02
-1.682005e+02 -1.279667e+02 -1.793670e+02 -1.168002e+02
4.372463e+01 1.279667e+02 5.960616e+01 1.120852e+02
7.385951e+02 1.279667e+02 5.030987e+02 3.634630e+02
5.610159e+02 -1.279667e+02 2.016247e+02 2.314245e+02
7.345700e+02 0.000000e+00 4.307552e+02 3.038148e+02
3.376015e+02 0.000000e+00 4.423756e+02 -1.047740e+02
-2.226609e+01 -1.279667e+02 2.627930e+02 -4.130257e+02
4.556183e+02 1.279667e+02 5.017662e+02 8.181877e+01
