-6.858789e+02 -2.816024e+01
-2.272807e+02 3.062520e+02
5.005628e+01 -5.541275e+01
1.266117e+02 2.986636e+01
-1.291579e+02 -2.119839e+02
-2.595818e+02 -2.446635e+02
6.507812e+02 1.496066e+02
7.831734e+01 4.840189e+02
7.645395e+01 1.223541e+02
2.640045e+02 2.076332e+02
-8.094898e+01 -3.421706e+01
-5.572725e+01 -6.689659e+01
2.315674e+01 7.198130e+01
2.252360e+02 4.063935e+02
1.424469e+02 4.472879e+01
5.100906e+01 1.300079e+02
-1.166914e+02 -1.118424e+02
-8.647539e+01 -1.445219e+02
-7.641478e+01 7.420254e+00
8.618896e+02 3.418325e+02
-7.385294e+01 -1.983226e+01
1.481345e+02 6.544685e+01
-2.118972e+02 -1.764034e+02
-4.824005e+02 -2.090830e+02
2.209889e+02 1.634365e+02
1.198524e+03 4.978487e+02
9.818130e+01 1.361840e+02
4.066925e+01 2.214631e+02
-1.069925e+02 -2.038724e+01
6.785275e+01 -5.306677e+01
2.988926e+02 1.201331e+02
5.161503e+02 4.545453e+02
-3.465804e+02 9.288057e+01
3.839920e+02 1.781597e+02
-1.009165e+02 -6.369063e+01
4.827436e+01 -9.637016e+01
2.661669e+02 7.098194e+01
4.578881e+01 4.053942e+02
-5.107531e+01 4.372943e+01
2.015372e+02 1.290085e+02
-7.335855e+01 -1.128418e+02
-9.945213e+01 -1.455213e+02
-2.355604e+02 2.115525e+02
4.805071e+02 5.459647e+02
4.997562e+02 1.843000e+02
1.707546e+02 2.695791e+02
1.792475e+02 2.772879e+01
-1.740969e+02 -4.950745e+00
2.375994e+02 2.155582e+02
5.834401e+02 5.499704e+02
2.236991e+02 1.883057e+02
2.902032e+02 2.735848e+02
1.319442e+01 3.173447e+01
-3.905309e+01 -9.450684e-01
