6.018526e+02 2.223176e+02 1.104516e+02 7.137186e+02
-2.044388e+02 -2.223176e+02 -2.446653e+02 -1.820911e+02
-1.953377e+02 -2.223176e+02 -3.094532e+02 -1.082021e+02
8.668708e+01 2.223176e+02 1.524266e+02 1.565780e+02
-3.182937e+02 0.000000e+00 -9.030969e+01 -2.279840e+02
6.314921e+01 0.000000e+00 -1.453387e+02 2.084879e+02
3.522058e+02 2.223176e+02 2.422463e+02 3.322771e+02
-9.929679e+02 -2.223176e+02 -1.128706e+02 -1.102415e+03
3.408543e+01 -2.223176e+02 -1.776585e+02 -1.057368e+01
3.475825e+02 2.223176e+02 2.842213e+02 2.856787e+02
2.077509e+02 0.000000e+00 4.148501e+01 1.662659e+02
-2.659645e+02 0.000000e+00 -1.354397e+01 -2.524205e+02
-3.320686e+00 2.223176e+02 5.112746e+01 1.678694e+02
-1.177978e+02 -2.223176e+02 -3.039894e+02 -3.612594e+01
-4.582835e+02 -2.223176e+02 -3.687773e+02 -3.118238e+02
1.567439e+02 2.223176e+02 9.310253e+01 2.859589e+02
-1.802268e+02 0.000000e+00 -1.496338e+02 -3.059303e+01
-1.462044e+02 0.000000e+00 -2.046628e+02 5.845842e+01
5.622012e+02 2.223176e+02 3.191830e+02 4.653358e+02
-1.968035e+02 -2.223176e+02 -3.593386e+01 -3.831872e+02
-4.942582e+01 -2.223176e+02 -1.007217e+02 -1.710216e+02
7.372941e+01 2.223176e+02 3.611580e+02 -6.511107e+01
1.129467e+02 0.000000e+00 1.184217e+02 -5.474982e+00
3.671052e+02 0.000000e+00 6.339274e+01 3.037125e+02
2.284101e+02 2.223176e+02 2.680539e+01 4.239223e+02
-4.214029e+02 -2.223176e+02 -3.283114e+02 -3.154090e+02
-1.548634e+02 -2.223176e+02 -3.930993e+02 1.591832e+01
3.067662e+02 2.223176e+02 6.878046e+01 4.603033e+02
-2.183356e+02 0.000000e+00 -1.739559e+02 -4.437978e+01
-6.087777e+02 0.000000e+00 -2.289848e+02 -3.797929e+02
-2.407838e+02 2.223176e+02 1.497764e+02 -1.682426e+02
-3.095914e+02 -2.223176e+02 -2.053405e+02 -3.265685e+02
-5.917716e+02 -2.223176e+02 -2.701284e+02 -5.439608e+02
4.189952e+02 2.223176e+02 1.917514e+02 4.495614e+02
1.458267e+02 0.000000e+00 -5.098489e+01 1.968116e+02
-9.801970e+00 0.000000e+00 -1.060139e+02 9.621190e+01
9.401300e+01 2.223176e+02 2.794048e+02 3.692575e+01
4.609132e+01 -2.223176e+02 -7.571202e+01 -1.005142e+02
-1.523283e+02 -2.223176e+02 -1.404999e+02 -2.341460e+02
2.714596e+02 2.223176e+02 3.213799e+02 1.723973e+02
8.670439e+01 0.000000e+00 7.864357e+01 8.060822e+00
4.848214e+01 0.000000e+00 2.361458e+01 2.486756e+01
8.196142e+01 2.223176e+02 1.652068e+02 1.390722e+02
5.568552e+02 -2.223176e+02 -1.899101e+02 5.244477e+02
-3.714981e+02 -2.223176e+02 -2.546980e+02 -3.391177e+02
1.343817e+02 2.223176e+02 2.071818e+02 1.495174e+02
-1.886402e+02 0.000000e+00 -3.555449e+01 -1.530857e+02
9.618670e+01 0.000000e+00 -9.058348e+01 1.867702e+02
-1.686956e+02 2.223176e+02 5.848309e+01 -4.861145e+00
5.844738e+01 -2.223176e+02 -2.966337e+02 1.327636e+02
-7.138341e+02 -2.223176e+02 -3.614216e+02 -5.747300e+02
1.230275e+02 2.223176e+02 1.004582e+02 2.448869e+02
3.990651e+01 0.000000e+00 -1.422782e+02 1.821847e+02
-2.528699e+02 0.000000e+00 -1.973071e+02 -5.556279e+01
