1.516303e+02 -1.204543e+02 2.668739e+00 2.850721e+01
-3.049906e+02 -1.204543e+02 -2.273541e+02 -1.980908e+02
4.227836e+01 1.204543e+02 2.098579e+02 -4.712521e+01
6.453878e+02 1.204543e+02 1.554871e+02 6.103551e+02
8.696600e+01 0.000000e+00 1.064523e+02 -1.948635e+01
8.296747e+01 0.000000e+00 1.261970e+02 -4.322951e+01
-2.141624e+02 -1.204543e+02 3.165202e+01 -3.662688e+02
-1.311246e+02 -1.204543e+02 -1.983708e+02 -5.320818e+01
3.106465e+02 1.204543e+02 2.388412e+02 1.922596e+02
2.225099e+02 1.204543e+02 1.844704e+02 1.584939e+02
9.632171e+01 0.000000e+00 1.354356e+02 -3.911392e+01
1.767307e+02 0.000000e+00 1.551803e+02 2.155048e+01
-4.433941e+02 -1.204543e+02 -1.350061e+02 -4.288423e+02
-8.231608e+02 -1.204543e+02 -3.650290e+02 -5.785862e+02
1.851667e+02 1.204543e+02 7.218306e+01 2.334380e+02
5.072647e+01 1.204543e+02 1.781225e+01 1.533686e+02
-4.997987e+01 0.000000e+00 -3.122251e+01 -1.875736e+01
1.138710e+02 0.000000e+00 -1.147787e+01 1.253489e+02
1.821074e+01 -1.204543e+02 -1.659573e+02 6.371368e+01
1.601121e+02 -1.204543e+02 -3.959801e+02 4.356379e+02
7.053728e+01 1.204543e+02 4.123189e+01 1.497597e+02
-1.309351e+02 1.204543e+02 -1.313892e+01 2.658131e+00
-1.967842e+02 0.000000e+00 -6.217368e+01 -1.346105e+02
-1.099549e+02 0.000000e+00 -4.242904e+01 -6.752585e+01
-2.050402e+02 -1.204543e+02 -2.114311e+02 -1.140634e+02
-4.332344e+02 -1.204543e+02 -4.414540e+02 -1.122348e+02
5.439526e+01 1.204543e+02 -4.241962e+00 1.790916e+02
-1.345488e+02 1.204543e+02 -5.861277e+01 4.451832e+01
-1.248071e+02 0.000000e+00 -1.076475e+02 -1.715961e+01
-2.885820e+01 0.000000e+00 -8.790290e+01 5.904470e+01
-1.509070e+02 -1.204543e+02 -2.031506e+00 -2.693298e+02
-2.979334e+02 -1.204543e+02 -2.320543e+02 -1.863334e+02
2.689587e+02 1.204543e+02 2.051577e+02 1.842554e+02
1.145938e+02 1.204543e+02 1.507869e+02 8.426125e+01
1.401418e+02 0.000000e+00 1.017521e+02 3.838969e+01
1.187837e+02 0.000000e+00 1.214967e+02 -2.713036e+00
-1.718861e+02 -1.204543e+02 -1.791334e+02 -1.132071e+02
-3.070608e+02 -1.204543e+02 -4.091562e+02 -1.835894e+01
1.379123e+02 1.204543e+02 2.805582e+01 2.303108e+02
3.620240e+02 1.204543e+02 -2.631499e+01 5.087933e+02
-2.037215e+02 0.000000e+00 -7.534975e+01 -1.283717e+02
-3.389034e+02 0.000000e+00 -5.560511e+01 -2.832983e+02
8.686715e+01 -1.204543e+02 -5.939579e+01 2.580859e+01
-1.128854e+03 -1.204543e+02 -2.894186e+02 -9.598897e+02
-1.894805e+02 1.204543e+02 1.477934e+02 -2.168195e+02
5.934882e+02 1.204543e+02 9.342258e+01 6.205200e+02
1.106267e+02 0.000000e+00 4.438782e+01 6.623887e+01
1.367518e+02 0.000000e+00 6.413245e+01 7.261935e+01
3.049672e+02 -1.204543e+02 -1.388955e+02 3.234084e+02
-2.026535e+02 -1.204543e+02 -3.689183e+02 4.581045e+01
5.127647e+01 1.204543e+02 6.829367e+01 1.034371e+02
-5.931573e+01 1.204543e+02 1.392286e+01 4.721575e+01
-3.952077e+00 0.000000e+00 -3.511190e+01 3.115982e+01
-1.341342e+02 0.000000e+00 -1.536726e+01 -1.187670e+02
