6.941652e+01 6.747598e+01
-2.401700e+01 1.101486e+02
-6.609760e+01 -1.042307e+02
3.154719e+01 1.036354e+01
1.125764e+02 1.064688e+02
1.364507e+02 1.243735e+02
-4.533073e+01 1.473534e+02
3.744504e+02 1.900260e+02
-1.151427e+01 -2.435328e+01
3.490574e+01 9.024096e+01
1.757239e+02 1.863462e+02
2.268622e+02 2.042509e+02
-6.508376e+01 -3.268262e+01
-6.069569e+01 9.990011e+00
-3.792480e+02 -2.043893e+02
-1.092102e+02 -8.979506e+01
-1.313057e+01 6.310158e+00
1.314852e+02 2.421485e+01
1.311951e+01 8.632555e+01
4.847244e+01 1.289982e+02
-1.079094e+02 -8.538114e+01
1.246482e+02 2.921311e+01
-5.023165e+01 1.253183e+02
2.121099e+02 1.432230e+02
3.339123e+02 8.143480e+01
-1.486793e+02 1.241074e+02
-9.799729e+01 -9.027189e+01
2.980027e+01 2.432236e+01
1.397677e+02 1.204276e+02
1.094923e+02 1.383323e+02
3.738268e+02 5.786837e+01
6.875139e+02 1.005410e+02
-1.124368e+02 -1.138383e+02
3.060376e+01 7.559261e-01
8.243174e+01 9.686115e+01
-8.378141e-01 1.147658e+02
2.628393e+02 8.796379e+01
3.031182e+02 1.306364e+02
1.605803e+02 -8.374290e+01
-5.932143e+01 3.085135e+01
5.404481e+01 1.269566e+02
6.755033e+01 1.448613e+02
1.062816e+02 3.406458e+01
4.784528e+02 7.673721e+01
-2.369307e+02 -1.376421e+02
-1.794391e+02 -2.304786e+01
3.194383e+01 7.305736e+01
3.491798e+02 9.096205e+01
-1.050646e+02 -9.276918e+00
2.078958e+01 3.339572e+01
-2.115748e+02 -1.809836e+02
-7.509101e+01 -6.638936e+01
8.406505e+01 2.971586e+01
2.266862e+01 4.762056e+01
