-1.548559e+02 -1.413755e+02
1.661209e+02 1.409316e+02
-2.068277e+02 -1.019250e+02
-8.142938e+01 -2.726626e+01
2.406921e+01 -2.683274e+01
1.114197e+02 8.559632e+01
-2.932074e+02 -1.438894e+02
1.553767e+02 1.384177e+02
-1.484142e+02 -1.044389e+02
-7.672194e+00 -2.978016e+01
1.185587e+02 -2.934665e+01
1.079480e+02 8.308242e+01
-2.043660e+02 -1.139643e+02
7.838018e+02 1.683429e+02
5.866144e+01 -7.451377e+01
6.501830e-01 1.449919e-01
-1.001168e+02 5.785036e-01
1.173799e+02 1.130076e+02
1.710786e+02 1.421493e+01
1.457395e+01 2.965221e+02
8.144726e+01 5.366542e+01
1.177967e+02 1.283242e+02
8.926217e+01 1.287577e+02
2.635963e+02 2.411868e+02
-9.361462e+01 -3.477323e+01
4.172058e+02 2.475339e+02
-7.094173e+01 4.677250e+00
4.350071e+01 7.933601e+01
1.871560e+02 7.976952e+01
1.617077e+02 1.921986e+02
9.423891e+01 -1.056940e+02
8.910626e+02 1.766131e+02
6.782022e+00 -6.624355e+01
1.671881e+01 8.415215e+00
-1.980912e+02 8.848726e+00
1.555242e+02 1.212778e+02
-1.363469e+02 -1.549800e+02
-2.828292e+02 1.273271e+02
2.862686e+01 -1.155295e+02
4.330584e+01 -4.087075e+01
-1.314954e+02 -4.043724e+01
1.128075e+02 7.199182e+01
-2.674545e+02 -2.998379e+02
-9.348083e+02 -1.753081e+01
-2.036236e+02 -2.603874e+02
2.291467e+02 -1.857287e+02
-2.047994e+02 -1.852952e+02
-4.067997e+02 -7.286610e+01
-1.232329e+02 -1.038661e+02
8.144621e+00 1.784410e+02
8.273670e+00 -6.441560e+01
8.135203e+01 1.024316e+01
-3.600760e+01 1.067667e+01
1.107032e+02 1.231057e+02
