-9.088233e+02 -2.071477e+02 -2.810862e+02 -8.348848e+02
-6.060305e+02 -2.071477e+02 -2.700118e+02 -5.431663e+02
1.781695e+01 0.000000e+00 -1.958530e+02 2.136700e+02
2.915630e+00 0.000000e+00 -5.264839e+01 5.556402e+01
1.805137e+02 2.071477e+02 9.261370e+01 2.950476e+02
3.147310e+02 2.071477e+02 1.290296e+02 3.928491e+02
1.071280e+02 -2.071477e+02 5.772952e+01 -1.577492e+02
2.025456e+02 -2.071477e+02 6.880387e+01 -7.340589e+01
1.220883e+02 0.000000e+00 1.429627e+02 -2.087436e+01
3.955369e+02 0.000000e+00 2.861673e+02 1.093696e+02
2.981639e+02 2.071477e+02 4.314294e+02 7.388218e+01
3.919921e+02 2.071477e+02 4.678453e+02 1.312945e+02
-2.528762e+00 -2.071477e+02 -2.916842e+02 8.200779e+01
-1.956842e+02 -2.071477e+02 -2.806099e+02 -1.222220e+02
-4.415098e+02 0.000000e+00 -2.064510e+02 -2.350588e+02
-8.478200e+01 0.000000e+00 -6.324640e+01 -2.153560e+01
1.359596e+02 2.071477e+02 8.201569e+01 2.610916e+02
2.359527e+01 2.071477e+02 1.184315e+02 1.123114e+02
1.878134e+02 -2.071477e+02 7.130700e+01 -9.064128e+01
7.763396e+00 -2.071477e+02 8.238135e+01 -2.817656e+02
1.495830e+00 0.000000e+00 1.565402e+02 -1.550444e+02
2.896046e+02 0.000000e+00 2.997448e+02 -1.014017e+01
7.465197e+02 2.071477e+02 4.450069e+02 5.086605e+02
3.807755e+02 2.071477e+02 4.814228e+02 1.065004e+02
3.349955e+02 -2.071477e+02 -2.995989e+02 4.274467e+02
-5.159420e+02 -2.071477e+02 -2.885245e+02 -4.345651e+02
-1.958993e+02 0.000000e+00 -2.143657e+02 1.846641e+01
-1.140762e+02 0.000000e+00 -7.116108e+01 -4.291511e+01
3.818153e+01 2.071477e+02 7.410101e+01 1.712282e+02
3.457904e+01 2.071477e+02 1.105169e+02 1.312098e+02
-1.370959e+02 -2.071477e+02 -1.391995e+02 -2.050440e+02
4.218241e+02 -2.071477e+02 -1.281252e+02 3.428016e+02
-1.823085e+02 0.000000e+00 -5.396634e+01 -1.283422e+02
1.726320e+02 0.000000e+00 8.923828e+01 8.339377e+01
2.240334e+02 2.071477e+02 2.345004e+02 1.966807e+02
2.467701e+02 2.071477e+02 2.709162e+02 1.830016e+02
-1.234400e+02 -2.071477e+02 1.197246e+01 -3.425601e+02
6.654365e+02 -2.071477e+02 2.304680e+01 4.352420e+02
5.455857e+01 0.000000e+00 9.720564e+01 -4.264707e+01
9.577872e+01 0.000000e+00 2.404103e+02 -1.446315e+02
2.363944e+02 2.071477e+02 3.856724e+02 5.786972e+01
6.094684e+02 2.071477e+02 4.220882e+02 3.945279e+02
-4.744831e+01 -2.071477e+02 -2.670519e+00 -2.519255e+02
-2.432079e+02 -2.071477e+02 8.403830e+00 -4.587594e+02
1.336612e+02 0.000000e+00 8.256267e+01 5.109854e+01
7.413190e+02 0.000000e+00 2.257673e+02 5.155517e+02
1.658697e+02 2.071477e+02 3.710294e+02 1.987988e+00
5.077655e+02 2.071477e+02 4.074452e+02 3.074680e+02
-6.049081e+02 -2.071477e+02 -2.511644e+02 -5.608913e+02
1.481893e+02 -2.071477e+02 -2.400901e+02 1.811317e+02
-1.433156e+01 0.000000e+00 -1.659313e+02 1.515997e+02
-1.097073e+02 0.000000e+00 -2.272663e+01 -8.698069e+01
1.325425e+02 2.071477e+02 1.225355e+02 2.171547e+02
1.911616e+02 2.071477e+02 1.589513e+02 2.393580e+02
