8.252327e+01 1.610313e+02 7.540230e+01 1.681523e+02
-4.491374e+02 -1.610313e+02 -2.246844e+02 -3.854843e+02
-4.720476e+02 -1.610313e+02 -1.688061e+02 -4.642728e+02
-1.051231e+02 1.610313e+02 6.185997e+01 -5.951809e+00
1.254288e+02 0.000000e+00 3.007924e+01 9.534953e+01
6.085049e+01 0.000000e+00 -1.746898e+02 2.355403e+02
3.394049e+01 1.610313e+02 2.200035e+02 -2.503176e+01
1.805082e+01 -1.610313e+02 -8.008316e+01 -6.289732e+01
1.245243e+02 -1.610313e+02 -2.420481e+01 -1.230218e+01
1.342727e+02 1.610313e+02 2.064612e+02 8.884275e+01
2.769181e+02 0.000000e+00 1.746805e+02 1.022376e+02
-1.516127e+02 0.000000e+00 -3.008854e+01 -1.215241e+02
1.828878e+02 1.610313e+02 1.126070e+02 2.313120e+02
-1.398965e+03 -1.610313e+02 -1.874797e+02 -1.372517e+03
7.413592e+02 -1.610313e+02 -1.316013e+02 7.119292e+02
1.376141e+01 1.610313e+02 9.906468e+01 7.572803e+01
4.088997e+01 0.000000e+00 6.728396e+01 -2.639399e+01
-5.693228e+01 0.000000e+00 -1.374851e+02 8.055279e+01
1.246118e+02 1.610313e+02 1.728365e+02 1.128066e+02
-1.595585e+02 -1.610313e+02 -1.272502e+02 -1.933396e+02
-1.169262e+02 -1.610313e+02 -7.137187e+01 -2.065856e+02
2.402713e+02 1.610313e+02 1.592942e+02 2.420084e+02
-8.142290e+01 0.000000e+00 1.275134e+02 -2.089363e+02
4.164994e+01 0.000000e+00 -7.725560e+01 1.189055e+02
6.056215e+01 1.610313e+02 8.325147e+01 1.383420e+02
-3.774844e+01 -1.610313e+02 -2.168352e+02 1.805549e+01
-2.515450e+02 -1.610313e+02 -1.609569e+02 -2.516194e+02
2.451739e+02 1.610313e+02 6.970914e+01 3.364961e+02
-4.519218e+01 0.000000e+00 3.792842e+01 -8.312060e+01
-2.306339e+02 0.000000e+00 -1.668406e+02 -6.379325e+01
5.645236e+02 1.610313e+02 1.913465e+02 5.342083e+02
-8.635381e+02 -1.610313e+02 -1.087402e+02 -9.158292e+02
-1.649938e+02 -1.610313e+02 -5.286183e+01 -2.731633e+02
-9.228631e+00 1.610313e+02 1.778042e+02 -2.600153e+01
2.948021e+02 0.000000e+00 1.460235e+02 1.487786e+02
9.371438e+00 0.000000e+00 -5.874556e+01 6.811700e+01
8.454464e+02 1.610313e+02 5.138208e+02 4.926569e+02
7.567159e+01 -1.610313e+02 2.137341e+02 -2.990938e+02
5.894198e+02 -1.610313e+02 2.696125e+02 1.587760e+02
1.306307e+01 1.610313e+02 5.002785e+02 -3.261842e+02
5.114372e+02 0.000000e+00 4.684978e+02 4.293944e+01
3.007222e+02 0.000000e+00 2.637288e+02 3.699341e+01
1.637955e+02 1.610313e+02 1.799253e+02 1.449014e+02
2.001765e+01 -1.610313e+02 -1.201614e+02 -2.085229e+01
-3.866381e+01 -1.610313e+02 -6.428301e+01 -1.354121e+02
6.605605e+02 1.610313e+02 1.663830e+02 6.552088e+02
5.181900e+00 0.000000e+00 1.346023e+02 -1.294204e+02
-3.603424e+02 0.000000e+00 -7.016674e+01 -2.901757e+02
1.229716e+02 1.610313e+02 1.220104e+02 1.619925e+02
2.369490e+02 -1.610313e+02 -1.780763e+02 2.539940e+02
-6.322993e+01 -1.610313e+02 -1.221979e+02 -1.020633e+02
1.299678e+02 1.610313e+02 1.084681e+02 1.825310e+02
5.921880e+01 0.000000e+00 7.668738e+01 -1.746858e+01
-2.475377e+02 0.000000e+00 -1.280816e+02 -1.194561e+02
