1.091984e+02 1.728577e+02 8.311504e+01 1.989410e+02
1.343824e+02 -1.728577e+02 4.673976e+01 -8.521512e+01
3.307617e+02 0.000000e+00 1.664419e+02 1.643199e+02
-7.027322e+01 0.000000e+00 -1.713837e+02 1.011105e+02
-1.368749e+02 -1.728577e+02 -1.186429e+02 -1.910897e+02
7.862080e+01 1.728577e+02 2.128298e+02 3.864874e+01
-1.279191e+02 1.728577e+02 7.894024e+01 -3.400168e+01
-9.551775e+01 -1.728577e+02 4.256496e+01 -3.109404e+02
1.881942e+02 0.000000e+00 1.622671e+02 2.592706e+01
-3.502627e+02 0.000000e+00 -1.755585e+02 -1.747042e+02
1.858481e+02 -1.728577e+02 -1.228177e+02 1.358081e+02
3.311508e+02 1.728577e+02 2.086550e+02 2.953536e+02
-8.088028e+01 1.728577e+02 1.105560e+02 -1.857861e+01
8.456254e+02 -1.728577e+02 7.418076e+01 5.985869e+02
-6.296379e+01 0.000000e+00 1.938829e+02 -2.568467e+02
-1.204728e+02 0.000000e+00 -1.439427e+02 2.346989e+01
-1.889032e+02 -1.728577e+02 -9.120193e+01 -2.705590e+02
3.052726e+02 1.728577e+02 2.402708e+02 2.378595e+02
-1.768363e+02 1.728577e+02 -1.148427e+02 1.108641e+02
-1.681546e+02 -1.728577e+02 -1.512179e+02 -1.897944e+02
-1.953692e+02 0.000000e+00 -3.151580e+01 -1.638534e+02
-2.408093e+02 0.000000e+00 -3.693414e+02 1.285321e+02
-3.957276e+02 -1.728577e+02 -3.166006e+02 -2.519846e+02
1.722941e+02 1.728577e+02 1.487208e+01 3.302797e+02
2.887694e+02 1.728577e+02 1.047678e+02 3.568594e+02
3.953020e+02 -1.728577e+02 6.839248e+01 1.540518e+02
1.755230e+02 0.000000e+00 1.880946e+02 -1.257162e+01
-2.353790e+02 0.000000e+00 -1.497310e+02 -8.564804e+01
-8.491006e+01 -1.728577e+02 -9.699022e+01 -1.607776e+02
2.086499e+02 1.728577e+02 2.344825e+02 1.470251e+02
2.624232e+02 1.728577e+02 1.652286e+02 2.700522e+02
-6.953606e+02 -1.728577e+02 1.288534e+02 -9.970717e+02
2.283552e+02 0.000000e+00 2.485555e+02 -2.020034e+01
3.168883e+01 0.000000e+00 -8.927007e+01 1.209589e+02
-1.532413e+02 -1.728577e+02 -3.652933e+01 -2.895696e+02
3.293897e+02 1.728577e+02 2.949434e+02 2.073040e+02
-8.049311e+01 1.728577e+02 1.504896e+02 -5.812505e+01
-8.552082e+02 -1.728577e+02 1.141144e+02 -1.142180e+03
1.377769e+02 0.000000e+00 2.338165e+02 -9.603960e+01
-2.223710e+02 0.000000e+00 -1.040091e+02 -1.183619e+02
9.474690e+01 -1.728577e+02 -5.126833e+01 -2.684248e+01
6.364461e+02 1.728577e+02 2.802044e+02 5.290994e+02
3.149204e+02 1.728577e+02 7.474472e+01 4.130334e+02
-6.157726e+01 -1.728577e+02 3.836944e+01 -2.728044e+02
-7.917402e+01 0.000000e+00 1.580716e+02 -2.372456e+02
3.038902e+02 0.000000e+00 -1.797540e+02 4.836442e+02
7.334598e+01 -1.728577e+02 -1.270133e+02 2.750152e+01
-6.884092e+02 1.728577e+02 2.044595e+02 -7.200110e+02
4.299527e+02 1.728577e+02 1.839125e+02 4.188979e+02
-2.675916e+02 -1.728577e+02 1.475372e+02 -5.879865e+02
5.431300e+02 0.000000e+00 2.672393e+02 2.758907e+02
-2.004951e+02 0.000000e+00 -7.058625e+01 -1.299088e+02
-4.308826e+01 -1.728577e+02 -1.784551e+01 -1.981005e+02
3.523860e+02 1.728577e+02 3.136272e+02 2.116166e+02
