-1.548559e+02 -7.823249e+01 -1.413755e+02 -9.171290e+01
1.661209e+02 7.823249e+01 1.409316e+02 1.034217e+02
-2.068277e+02 -7.823249e+01 -1.019250e+02 -1.831352e+02
-8.142938e+01 7.823249e+01 -2.726626e+01 2.406936e+01
2.406921e+01 -7.823249e+01 -2.683274e+01 -2.733054e+01
1.114197e+02 7.823249e+01 8.559632e+01 1.040559e+02
-2.932074e+02 -7.823249e+01 -1.438894e+02 -2.275505e+02
1.553767e+02 7.823249e+01 1.384177e+02 9.519147e+01
-1.484142e+02 -7.823249e+01 -1.044389e+02 -1.222078e+02
-7.672194e+00 7.823249e+01 -2.978016e+01 1.003405e+02
1.185587e+02 -7.823249e+01 -2.934665e+01 6.967282e+01
1.079480e+02 7.823249e+01 8.308242e+01 1.030981e+02
-2.043660e+02 -7.823249e+01 -1.139643e+02 -1.686342e+02
7.838018e+02 7.823249e+01 1.683429e+02 6.936914e+02
5.866144e+01 -7.823249e+01 -7.451377e+01 5.494272e+01
6.501830e-01 7.823249e+01 1.449919e-01 7.873768e+01
-1.001168e+02 -7.823249e+01 5.785036e-01 -1.789278e+02
1.173799e+02 7.823249e+01 1.130076e+02 8.260483e+01
1.710786e+02 -7.823249e+01 1.421493e+01 7.863119e+01
1.457395e+01 7.823249e+01 2.965221e+02 -2.037156e+02
8.144726e+01 -7.823249e+01 5.366542e+01 -5.045065e+01
1.177967e+02 7.823249e+01 1.283242e+02 6.770501e+01
8.926217e+01 -7.823249e+01 1.287577e+02 -1.177280e+02
2.635963e+02 7.823249e+01 2.411868e+02 1.006420e+02
-9.361462e+01 -7.823249e+01 -3.477323e+01 -1.370739e+02
4.172058e+02 7.823249e+01 2.475339e+02 2.479044e+02
-7.094173e+01 -7.823249e+01 4.677250e+00 -1.538515e+02
4.350071e+01 7.823249e+01 7.933601e+01 4.239719e+01
1.871560e+02 -7.823249e+01 7.976952e+01 2.915395e+01
1.617077e+02 7.823249e+01 1.921986e+02 4.774162e+01
9.423891e+01 -7.823249e+01 -1.056940e+02 1.217004e+02
8.910626e+02 7.823249e+01 1.766131e+02 7.926820e+02
6.782022e+00 -7.823249e+01 -6.624355e+01 -5.206923e+00
1.671881e+01 7.823249e+01 8.415215e+00 8.653609e+01
-1.980912e+02 -7.823249e+01 8.848726e+00 -2.851724e+02
1.555242e+02 7.823249e+01 1.212778e+02 1.124789e+02
-1.363469e+02 -7.823249e+01 -1.549800e+02 -5.959943e+01
-2.828292e+02 7.823249e+01 1.273271e+02 -3.319238e+02
2.862686e+01 -7.823249e+01 -1.155295e+02 6.592388e+01
4.330584e+01 7.823249e+01 -4.087075e+01 1.624091e+02
-1.314954e+02 -7.823249e+01 -4.043724e+01 -1.692906e+02
1.128075e+02 7.823249e+01 7.199182e+01 1.190482e+02
-2.674545e+02 -7.823249e+01 -2.998379e+02 -4.584907e+01
-9.348083e+02 7.823249e+01 -1.753081e+01 -8.390450e+02
-2.036236e+02 -7.823249e+01 -2.603874e+02 -2.146865e+01
2.291467e+02 7.823249e+01 -1.857287e+02 4.931079e+02
-2.047994e+02 -7.823249e+01 -1.852952e+02 -9.773670e+01
-4.067997e+02 7.823249e+01 -7.286610e+01 -2.557011e+02
-1.232329e+02 -7.823249e+01 -1.038661e+02 -9.759935e+01
8.144621e+00 7.823249e+01 1.784410e+02 -9.206392e+01
8.273670e+00 -7.823249e+01 -6.441560e+01 -5.543221e+00
8.135203e+01 7.823249e+01 1.024316e+01 1.493414e+02
-3.600760e+01 -7.823249e+01 1.067667e+01 -1.249168e+02
1.107032e+02 7.823249e+01 1.231057e+02 6.582998e+01
