-2.928313e+02 -1.151839e+02 -2.279991e+02 -1.800161e+02
-2.669372e+01 -1.151839e+02 -1.008033e+02 -4.107435e+01
-1.469496e+02 1.151839e+02 5.477378e+01 -8.653945e+01
2.563501e+01 1.151839e+02 -6.593054e+00 1.474120e+02
-1.061998e+02 0.000000e+00 -1.748511e+02 6.865131e+01
-8.435378e+01 0.000000e+00 -9.108852e+01 6.734741e+00
-2.428507e+02 -1.151839e+02 -2.224433e+02 -1.355913e+02
-8.980576e+01 -1.151839e+02 -9.524754e+01 -1.097421e+02
-1.158069e+02 1.151839e+02 6.032953e+01 -6.095254e+01
4.413979e+01 1.151839e+02 -1.037306e+00 1.603610e+02
-1.037106e+02 0.000000e+00 -1.692954e+02 6.558482e+01
-6.572691e+01 0.000000e+00 -8.553277e+01 1.980585e+01
1.727013e+02 -1.151839e+02 -1.756623e+01 7.508364e+01
-7.135299e+01 -1.151839e+02 1.096296e+02 -2.961665e+02
1.294669e+02 1.151839e+02 2.652066e+02 -2.055579e+01
1.126235e+02 1.151839e+02 2.038398e+02 2.396756e+01
7.113400e+01 0.000000e+00 3.558172e+01 3.555228e+01
1.913761e+02 0.000000e+00 1.193443e+02 7.203171e+01
3.785957e+02 -1.151839e+02 -2.850184e+02 5.484302e+02
-1.737318e+02 -1.151839e+02 -1.578226e+02 -1.310931e+02
2.830027e+02 1.151839e+02 -2.245554e+00 4.004322e+02
-2.258186e+02 1.151839e+02 -6.361239e+01 -4.702227e+01
-2.171684e+02 0.000000e+00 -2.318705e+02 1.470210e+01
-1.292114e+02 0.000000e+00 -1.481078e+02 1.889648e+01
-1.765824e+02 -1.151839e+02 -1.777772e+02 -1.139891e+02
-2.623257e+02 -1.151839e+02 -5.058141e+01 -3.269282e+02
2.254064e+02 1.151839e+02 1.049957e+02 2.355947e+02
-5.866416e+01 1.151839e+02 4.362882e+01 1.289093e+01
-7.493275e+01 0.000000e+00 -1.246293e+02 4.969652e+01
-2.465376e+00 0.000000e+00 -4.086664e+01 3.840126e+01
-2.485147e+02 -1.151839e+02 -1.697228e+02 -1.939758e+02
1.300712e+00 -1.151839e+02 -4.252700e+01 -7.135620e+01
1.606335e+02 1.151839e+02 1.130501e+02 1.627674e+02
1.512899e+02 1.151839e+02 5.168323e+01 2.147906e+02
-1.709512e+02 0.000000e+00 -1.165749e+02 -5.437635e+01
-5.373136e+01 0.000000e+00 -3.281223e+01 -2.091913e+01
-3.371743e+02 -1.151839e+02 -8.716748e+01 -3.651907e+02
1.171380e+01 -1.151839e+02 4.002832e+01 -1.434984e+02
1.111357e+01 1.151839e+02 1.956054e+02 -6.930791e+01
3.508219e+02 1.151839e+02 1.342386e+02 3.317673e+02
-1.059806e+02 0.000000e+00 -3.401954e+01 -7.196105e+01
8.039091e+01 0.000000e+00 4.974309e+01 3.064782e+01
-1.141892e+02 -1.151839e+02 -1.515123e+02 -7.786078e+01
6.643206e+01 -1.151839e+02 -2.431654e+01 -2.443531e+01
1.950124e+02 1.151839e+02 1.312605e+02 1.789358e+02
1.489742e+01 1.151839e+02 6.989369e+01 6.018764e+01
-1.421989e+02 0.000000e+00 -9.836440e+01 -4.383451e+01
-3.691258e+01 0.000000e+00 -1.460177e+01 -2.231081e+01
-2.611317e+02 -1.151839e+02 -2.266391e+02 -1.496766e+02
6.641568e+01 -1.151839e+02 -9.944329e+01 5.067505e+01
1.005586e+02 1.151839e+02 5.613378e+01 1.596087e+02
5.783512e+01 1.151839e+02 -5.233053e+00 1.782521e+02
-2.011100e+02 0.000000e+00 -1.734911e+02 -2.761881e+01
-1.662778e+02 0.000000e+00 -8.972852e+01 -7.654927e+01
