1.800831e+02 2.009766e+02 1.346666e+02 2.463931e+02
1.960297e+02 -2.009766e+02 -2.801141e+02 2.751673e+02
-2.422004e+02 -2.009766e+02 -3.032020e+02 -1.399750e+02
4.281983e+01 2.009766e+02 1.618502e+01 2.276114e+02
-2.696150e+02 0.000000e+00 -1.995639e+02 -7.005113e+01
-4.629748e+02 0.000000e+00 -3.518684e+02 -1.111064e+02
5.709338e+02 2.009766e+02 4.520887e+02 3.198217e+02
-2.441651e+02 -2.009766e+02 3.730793e+01 -4.824496e+02
-1.031975e+02 -2.009766e+02 1.422007e+01 -3.183942e+02
3.677036e+02 2.009766e+02 3.336071e+02 2.350730e+02
2.604866e+02 0.000000e+00 1.178582e+02 1.426284e+02
-8.168800e+01 0.000000e+00 -3.444636e+01 -4.724164e+01
3.332144e+02 2.009766e+02 4.208784e+02 1.133125e+02
-1.039558e+02 -2.009766e+02 6.097624e+00 -3.110300e+02
1.322737e+02 -2.009766e+02 -1.699024e+01 -5.171261e+01
2.875148e+02 2.009766e+02 3.023968e+02 1.860945e+02
-3.007486e+01 0.000000e+00 8.664791e+01 -1.167228e+02
9.435861e-01 0.000000e+00 -6.565667e+01 6.660025e+01
6.388321e+02 2.009766e+02 1.471811e+02 6.926276e+02
-3.154577e+01 -2.009766e+02 -2.675996e+02 3.507731e+01
-3.288216e+01 -2.009766e+02 -2.906875e+02 5.682879e+01
-3.552588e+02 2.009766e+02 2.869951e+01 -1.829817e+02
-2.698217e+02 0.000000e+00 -1.870494e+02 -8.277229e+01
-2.277666e+02 0.000000e+00 -3.393539e+02 1.115874e+02
5.542555e+02 2.009766e+02 4.664346e+02 2.887975e+02
-2.055585e+02 -2.009766e+02 5.165380e+01 -4.581888e+02
-3.753247e+02 -2.009766e+02 2.856594e+01 -6.048672e+02
3.183774e+02 2.009766e+02 3.479530e+02 1.714010e+02
3.136762e+02 0.000000e+00 1.322041e+02 1.814721e+02
2.779750e+02 0.000000e+00 -2.010049e+01 2.980755e+02
6.030964e+02 2.009766e+02 4.250673e+02 3.790057e+02
7.587717e+02 -2.009766e+02 1.028654e+01 5.475086e+02
-1.551290e+02 -2.009766e+02 -1.280132e+01 -3.433043e+02
2.167131e+02 2.009766e+02 3.065857e+02 1.111040e+02
-1.193440e+01 0.000000e+00 9.083682e+01 -1.027712e+02
-6.391350e+01 0.000000e+00 -6.146775e+01 -2.445747e+00
-1.066458e+03 2.009766e+02 3.451025e+02 -1.210584e+03
-1.255841e+02 -2.009766e+02 -6.967821e+01 -2.568824e+02
8.133849e+01 -2.009766e+02 -9.276607e+01 -2.687200e+01
4.428530e+02 2.009766e+02 2.266210e+02 4.172086e+02
-1.370894e+02 0.000000e+00 1.087207e+01 -1.479615e+02
1.186246e+02 0.000000e+00 -1.414325e+02 2.600571e+02
4.153985e+02 2.009766e+02 4.572015e+02 1.591736e+02
-6.853806e+01 -2.009766e+02 4.242072e+01 -3.119353e+02
1.079059e+02 -2.009766e+02 1.933286e+01 -1.124035e+02
3.634315e+02 2.009766e+02 3.387199e+02 2.256882e+02
1.598721e+02 0.000000e+00 1.229710e+02 3.690108e+01
-1.621293e+02 0.000000e+00 -2.933357e+01 -1.327957e+02
6.222169e+02 2.009766e+02 3.681081e+02 4.550854e+02
-4.687318e+02 -2.009766e+02 -4.667264e+01 -6.230357e+02
-8.929276e+01 -2.009766e+02 -6.976050e+01 -2.205088e+02
4.239204e+02 2.009766e+02 2.496265e+02 3.752705e+02
1.465718e+02 0.000000e+00 3.387764e+01 1.126941e+02
-4.241565e+02 0.000000e+00 -1.184269e+02 -3.057295e+02
