-5.298937e+01 1.167623e+02
1.530233e+02 6.669311e+01
1.112822e+02 1.433867e+02
4.751282e+01 1.790148e+01
-2.019629e+01 -2.480442e+01
1.834643e+02 1.690541e+02
2.017415e+02 5.609535e+01
9.723172e+01 6.026183e+00
5.320674e+01 8.271979e+01
-1.244758e+02 -4.276544e+01
-5.344595e+01 -8.547135e+01
9.195921e+01 1.083872e+02
-2.776128e+01 2.910662e+00
2.061879e+02 -4.715851e+01
9.228563e-01 2.953510e+01
-2.024071e+01 -9.595013e+01
-3.159361e+02 -1.386560e+02
9.884518e+01 5.520249e+01
2.267764e+02 1.201570e+02
2.651199e+02 7.008781e+01
7.351064e+01 1.467814e+02
-1.261817e+02 2.129619e+01
4.994063e+01 -2.140972e+01
2.029976e+02 1.724488e+02
9.392017e+01 1.211963e+02
-1.400582e+02 7.112712e+01
2.154860e+02 1.478207e+02
5.576871e+01 2.233550e+01
-6.401720e+00 -2.037041e+01
1.872405e+02 1.734881e+02
2.339596e+02 1.288433e+02
-5.340836e+01 7.877415e+01
-2.457323e+01 1.554678e+02
2.246120e+02 2.998252e+01
-9.919339e+01 -1.272338e+01
2.791068e+02 1.811351e+02
-4.920661e+02 -1.308257e+01
-2.290665e+02 -6.315174e+01
1.550202e+02 1.354187e+01
-5.613725e+01 -1.119434e+02
-8.882981e+01 -1.546493e+02
-1.991423e+01 3.920927e+01
5.328202e+01 7.912572e+01
-7.082029e+01 2.905655e+01
2.087302e+02 1.057502e+02
1.321458e+01 -1.973508e+01
-1.274939e+02 -6.244098e+01
1.084838e+02 1.314176e+02
2.343760e+02 4.602914e+01
2.862353e+02 -4.040031e+00
6.900259e+01 7.265358e+01
-1.383192e+02 -5.283165e+01
-1.190636e+01 -9.553756e+01
-4.662420e+00 9.832097e+01
