-2.140576e+02 -1.312109e+02 -2.684306e+02 -7.683789e+01
3.197629e+02 1.312109e+02 1.929525e+02 2.580213e+02
-2.636140e+02 -1.312109e+02 -1.114803e+02 -2.833446e+02
3.243209e+02 1.312109e+02 8.368872e+01 3.718431e+02
-1.303779e+02 -1.312109e+02 -1.881547e+02 -7.343411e+01
-2.514439e+02 1.312109e+02 -5.744131e+01 -6.279170e+01
4.257846e+01 -1.312109e+02 -2.069555e+02 1.183230e+02
2.473104e+02 1.312109e+02 2.544276e+02 1.240937e+02
9.678288e+01 -1.312109e+02 -5.000522e+01 1.557719e+01
6.302789e+01 1.312109e+02 1.451638e+02 4.907499e+01
-1.923575e+02 -1.312109e+02 -1.266796e+02 -1.968888e+02
-1.357481e+02 1.312109e+02 4.033765e+00 -8.570951e+00
-1.235787e+02 -1.312109e+02 -4.836552e+00 -2.499531e+02
-4.026359e+02 1.312109e+02 4.565465e+02 -7.279714e+02
-1.159753e+01 -1.312109e+02 1.521137e+02 -2.949222e+02
3.927915e+02 1.312109e+02 3.472827e+02 1.767197e+02
1.920726e+02 -1.312109e+02 7.543932e+01 -1.457758e+01
3.370382e+02 1.312109e+02 2.061527e+02 2.620964e+02
-5.332599e+02 -1.312109e+02 -3.601442e+02 -3.043266e+02
8.361127e+01 1.312109e+02 1.012389e+02 1.135833e+02
-2.026241e+02 -1.312109e+02 -2.031939e+02 -1.306410e+02
-6.432385e+01 1.312109e+02 -8.024891e+00 7.491195e+01
-2.223931e+02 -1.312109e+02 -2.798683e+02 -7.373574e+01
-1.099390e+02 1.312109e+02 -1.491549e+02 1.704268e+02
-1.443606e+01 -1.312109e+02 -2.852122e+02 1.395653e+02
3.294376e+02 1.312109e+02 1.761708e+02 2.844777e+02
1.152324e+01 -1.312109e+02 -1.282620e+02 8.574282e+00
-2.509823e+02 1.312109e+02 6.690707e+01 -1.866784e+02
-1.104107e+02 -1.312109e+02 -2.049363e+02 -3.668527e+01
-2.072125e+02 1.312109e+02 -7.422297e+01 -1.778648e+00
-2.132507e+02 -1.312109e+02 -1.000884e+02 -2.443732e+02
-1.686702e+02 1.312109e+02 3.612946e+02 -3.987539e+02
2.934892e+01 -1.312109e+02 5.686187e+01 -1.587238e+02
6.004615e+02 1.312109e+02 2.520309e+02 4.796415e+02
-1.185271e+02 -1.312109e+02 -1.981253e+01 -2.299255e+02
2.276993e+02 1.312109e+02 1.109008e+02 2.480094e+02
-4.912195e+02 -1.312109e+02 -2.837969e+02 -3.386335e+02
1.208739e+02 1.312109e+02 1.775862e+02 7.449859e+01
-1.484736e+02 -1.312109e+02 -1.268466e+02 -1.528379e+02
2.897351e+00 1.312109e+02 6.832242e+01 6.578584e+01
-1.764839e+02 -1.312109e+02 -2.035210e+02 -1.041738e+02
6.278769e+01 1.312109e+02 -7.280762e+01 2.668062e+02
-2.775864e+02 -1.312109e+02 -2.813118e+02 -1.274855e+02
6.823679e+02 1.312109e+02 1.800712e+02 6.335076e+02
1.603810e+01 -1.312109e+02 -1.243615e+02 9.188725e+00
-1.184358e+02 1.312109e+02 7.080749e+01 -5.803243e+01
-2.973428e+02 -1.312109e+02 -2.010359e+02 -2.275178e+02
1.585973e+01 1.312109e+02 -7.032255e+01 2.173932e+02
-4.705678e+02 -1.312109e+02 -7.528123e+02 1.510336e+02
4.721260e+02 1.312109e+02 -2.914292e+02 8.947662e+02
-9.655697e+02 -1.312109e+02 -5.958620e+02 -5.009186e+02
-3.128704e+02 1.312109e+02 -4.006930e+02 2.190335e+02
-5.778513e+02 -1.312109e+02 -6.725364e+02 -3.652575e+01
-6.605474e+02 1.312109e+02 -5.418230e+02 1.248652e+01
