-2.140576e+02 -2.684306e+02
3.197629e+02 1.929525e+02
-2.636140e+02 -1.114803e+02
3.243209e+02 8.368872e+01
-1.303779e+02 -1.881547e+02
-2.514439e+02 -5.744131e+01
4.257846e+01 -2.069555e+02
2.473104e+02 2.544276e+02
9.678288e+01 -5.000522e+01
6.302789e+01 1.451638e+02
-1.923575e+02 -1.266796e+02
-1.357481e+02 4.033765e+00
-1.235787e+02 -4.836552e+00
-4.026359e+02 4.565465e+02
-1.159753e+01 1.521137e+02
3.927915e+02 3.472827e+02
1.920726e+02 7.543932e+01
3.370382e+02 2.061527e+02
-5.332599e+02 -3.601442e+02
8.361127e+01 1.012389e+02
-2.026241e+02 -2.031939e+02
-6.432385e+01 -8.024891e+00
-2.223931e+02 -2.798683e+02
-1.099390e+02 -1.491549e+02
-1.443606e+01 -2.852122e+02
3.294376e+02 1.761708e+02
1.152324e+01 -1.282620e+02
-2.509823e+02 6.690707e+01
-1.104107e+02 -2.049363e+02
-2.072125e+02 -7.422297e+01
-2.132507e+02 -1.000884e+02
-1.686702e+02 3.612946e+02
2.934892e+01 5.686187e+01
6.004615e+02 2.520309e+02
-1.185271e+02 -1.981253e+01
2.276993e+02 1.109008e+02
-4.912195e+02 -2.837969e+02
1.208739e+02 1.775862e+02
-1.484736e+02 -1.268466e+02
2.897351e+00 6.832242e+01
-1.764839e+02 -2.035210e+02
6.278769e+01 -7.280762e+01
-2.775864e+02 -2.813118e+02
6.823679e+02 1.800712e+02
1.603810e+01 -1.243615e+02
-1.184358e+02 7.080749e+01
-2.973428e+02 -2.010359e+02
1.585973e+01 -7.032255e+01
-4.705678e+02 -7.528123e+02
4.721260e+02 -2.914292e+02
-9.655697e+02 -5.958620e+02
-3.128704e+02 -4.006930e+02
-5.778513e+02 -6.725364e+02
-6.605474e+02 -5.418230e+02
