1.441133e+02 2.804546e+02
-9.668266e+01 1.457774e+02
2.955977e+02 1.388081e+02
2.701649e+02 1.593331e+02
-1.854411e+02 6.914137e+00
1.054473e+02 -4.703843e+01
4.266615e+01 1.475094e+02
-5.379983e+00 1.283225e+01
-9.599859e+01 5.862949e+00
1.714257e+01 2.638792e+01
-3.298959e+01 -1.260310e+02
-1.923852e+02 -1.799836e+02
5.319395e+02 1.370522e+02
1.772052e+02 2.374996e+00
2.677991e+02 -4.594303e+00
-1.411058e+02 1.593067e+01
-1.884687e+02 -1.364883e+02
-3.833947e+02 -1.904409e+02
4.518348e+02 2.438285e+02
2.654890e+02 1.091513e+02
7.021047e+01 1.021820e+02
9.124767e+01 1.227070e+02
-1.738197e+02 -2.971200e+01
9.088544e+00 -8.366457e+01
9.783893e+01 3.182718e+02
1.882925e+02 1.835946e+02
9.657677e+01 1.766253e+02
1.629452e+02 1.971503e+02
1.015481e+02 4.473134e+01
4.895613e+01 -9.221235e+00
1.316669e+02 1.544298e+02
-6.433006e+01 1.975263e+01
-3.625836e+01 1.278333e+01
-4.325939e+01 3.330830e+01
-2.514048e+00 -1.191107e+02
-1.806124e+02 -1.730632e+02
2.774081e+02 1.914487e+02
4.176840e+01 5.677147e+01
4.175571e+01 4.980217e+01
2.680361e+02 7.032715e+01
-4.325258e+01 -8.209181e+01
-3.674720e+02 -1.360444e+02
1.929720e+02 1.971263e+02
-1.985349e+02 6.244907e+01
8.121281e+01 5.547977e+01
-3.302153e+01 7.600475e+01
-2.534589e+01 -7.641420e+01
-6.308625e+01 -1.303668e+02
2.824398e+01 1.722977e+02
2.541942e+02 3.762054e+01
-2.043907e+01 3.065125e+01
6.642331e+01 5.117622e+01
-1.207240e+02 -1.012427e+02
-1.156669e+02 -1.551953e+02
