1.707966e+02 9.114330e+01 2.171620e+02 4.477788e+01
2.731526e+01 -9.114330e+01 -6.230756e+01 -1.520477e+00
9.072049e+01 0.000000e+00 9.047577e+01 2.447154e-01
1.382432e+01 0.000000e+00 -8.710748e+00 2.253507e+01
-1.055580e+02 -9.114330e+01 -7.206876e+01 -1.246325e+02
2.379319e+01 9.114330e+01 1.203309e+01 1.029034e+02
1.578140e+02 9.114330e+01 2.529613e+02 -4.003976e+00
-1.787472e+02 -9.114330e+01 -2.650829e+01 -2.433822e+02
1.547989e+02 0.000000e+00 1.262750e+02 2.852388e+01
-3.382523e+01 0.000000e+00 2.708852e+01 -6.091374e+01
-3.781040e+01 -9.114330e+01 -3.626949e+01 -9.268420e+01
1.271840e+02 9.114330e+01 4.783236e+01 1.704950e+02
-1.624625e+02 9.114330e+01 2.010027e+02 -2.723219e+02
-3.672797e+02 -9.114330e+01 -7.846685e+01 -3.799562e+02
3.520458e+02 0.000000e+00 7.431649e+01 2.777293e+02
1.359427e+02 0.000000e+00 -2.487003e+01 1.608127e+02
-1.812487e+02 -9.114330e+01 -8.822804e+01 -1.841640e+02
-3.795249e+01 9.114330e+01 -4.126192e+00 5.731700e+01
5.798090e+01 9.114330e+01 2.512319e+02 -1.021077e+02
1.771954e+02 -9.114330e+01 -2.823762e+01 1.142897e+02
9.366450e+01 0.000000e+00 1.245457e+02 -3.088122e+01
-2.476451e+01 0.000000e+00 2.535919e+01 -5.012370e+01
5.153180e+01 -9.114330e+01 -3.799882e+01 -1.612675e+00
1.592194e+01 9.114330e+01 4.610303e+01 6.096220e+01
4.364195e+02 9.114330e+01 2.116521e+02 3.159107e+02
-1.743437e+02 -9.114330e+01 -6.781747e+01 -1.976695e+02
2.705460e+01 0.000000e+00 8.496587e+01 -5.791127e+01
1.106762e+02 0.000000e+00 -1.422066e+01 1.248968e+02
-1.503122e+02 -9.114330e+01 -7.757867e+01 -1.638768e+02
8.649259e+00 9.114330e+01 6.523186e+00 9.326937e+01
6.183357e+01 9.114330e+01 1.419660e+02 1.101090e+01
5.617198e+01 -9.114330e+01 -1.375036e+02 1.025323e+02
1.381362e+02 0.000000e+00 1.527975e+01 1.228565e+02
-2.426223e+02 0.000000e+00 -8.390677e+01 -1.587155e+02
-1.342591e+02 -9.114330e+01 -1.472648e+02 -7.813764e+01
-1.099050e+02 9.114330e+01 -6.316293e+01 4.440127e+01
3.636628e+02 9.114330e+01 1.860281e+02 2.687781e+02
-2.214024e+01 -9.114330e+01 -9.344149e+01 -1.984205e+01
-2.266539e+01 0.000000e+00 5.934184e+01 -8.200723e+01
-2.298779e+01 0.000000e+00 -3.984468e+01 1.685689e+01
-7.945628e+01 -9.114330e+01 -1.032027e+02 -6.739688e+01
-6.298680e+01 9.114330e+01 -1.910084e+01 4.725733e+01
2.003966e+02 9.114330e+01 1.272609e+02 1.642790e+02
-2.190383e+02 -9.114330e+01 -1.522087e+02 -1.579729e+02
-3.462983e+01 0.000000e+00 5.746492e-01 -3.520448e+01
2.333196e+01 0.000000e+00 -9.861187e+01 1.219438e+02
-2.249677e+02 -9.114330e+01 -1.619699e+02 -1.541412e+02
-9.584101e+01 9.114330e+01 -7.786803e+01 7.317031e+01
1.913347e+02 9.114330e+01 1.309254e+02 1.515526e+02
-6.895455e+01 -9.114330e+01 -1.485441e+02 -1.155371e+01
-8.524086e+01 0.000000e+00 4.239192e+00 -8.948005e+01
-2.309021e+02 0.000000e+00 -9.494733e+01 -1.359547e+02
-4.725005e+01 -9.114330e+01 -1.583053e+02 1.991199e+01
-6.045808e+01 9.114330e+01 -7.420349e+01 1.048887e+02
