-5.777528e+02 -2.159412e+02 -6.275685e+02 -1.661255e+02
-1.340034e+03 -2.159412e+02 -3.970281e+02 -1.158947e+03
-4.070784e+02 0.000000e+00 -3.246885e+02 -8.238986e+01
-1.121465e+02 0.000000e+00 -1.629325e+02 5.078605e+01
1.557597e+02 2.159412e+02 5.561832e+00 3.661391e+02
-1.231601e+02 2.159412e+02 -1.138470e+02 2.066281e+02
-4.807623e+02 -2.159412e+02 -5.715972e+02 -1.251063e+02
-1.475842e+02 -2.159412e+02 -3.410568e+02 -2.246862e+01
-3.420087e+02 0.000000e+00 -2.687172e+02 -7.329154e+01
-8.582520e+01 0.000000e+00 -1.069612e+02 2.113601e+01
-2.113430e+02 2.159412e+02 6.153316e+01 -5.693494e+01
6.045691e+02 2.159412e+02 -5.787563e+01 8.783860e+02
-7.663255e+02 -2.159412e+02 -6.262177e+02 -3.560490e+02
2.237710e+02 -2.159412e+02 -3.956774e+02 4.035071e+02
-3.324746e+02 0.000000e+00 -3.233377e+02 -9.136866e+00
-5.942240e+02 0.000000e+00 -1.615818e+02 -4.326422e+02
3.981953e+02 2.159412e+02 6.912601e+00 6.072239e+02
-2.951598e+02 2.159412e+02 -1.124962e+02 3.327767e+01
-6.673607e+02 -2.159412e+02 -5.821222e+02 -3.011798e+02
-2.594942e+02 -2.159412e+02 -3.515818e+02 -1.238536e+02
1.563495e+02 0.000000e+00 -2.792422e+02 4.355917e+02
-3.510296e+02 0.000000e+00 -1.174862e+02 -2.335434e+02
1.498254e+02 2.159412e+02 5.100817e+01 3.147585e+02
-2.641648e+02 2.159412e+02 -6.840062e+01 2.017704e+01
-3.843066e+02 -2.159412e+02 -6.007192e+02 4.713764e-01
-3.626038e+02 -2.159412e+02 -3.701789e+02 -2.083662e+02
-4.882916e+02 0.000000e+00 -2.978392e+02 -1.904524e+02
1.012666e+02 0.000000e+00 -1.360833e+02 2.373499e+02
-3.063230e+01 2.159412e+02 3.241111e+01 1.528978e+02
-1.493204e+02 2.159412e+02 -8.699768e+01 1.536185e+02
-5.219962e+02 -2.159412e+02 -4.729430e+02 -2.649944e+02
-1.333216e+03 -2.159412e+02 -2.424026e+02 -1.306754e+03
-3.598508e+02 0.000000e+00 -1.700630e+02 -1.897878e+02
2.082895e+02 0.000000e+00 -8.307043e+00 2.165966e+02
2.388453e+02 2.159412e+02 1.601873e+02 2.945992e+02
1.627665e+02 2.159412e+02 4.077854e+01 3.379292e+02
-1.345687e+02 -2.159412e+02 -3.778127e+02 2.730278e+01
-1.468939e+02 -2.159412e+02 -1.472723e+02 -2.155628e+02
-2.568548e+01 0.000000e+00 -7.493273e+01 4.924725e+01
5.709629e+01 0.000000e+00 8.682325e+01 -2.972695e+01
7.314365e+01 2.159412e+02 2.553176e+02 3.376727e+01
2.739092e+02 2.159412e+02 1.359088e+02 3.539417e+02
-1.029397e+03 -2.159412e+02 -4.727581e+02 -7.725803e+02
3.277147e+02 -2.159412e+02 -2.422178e+02 3.539912e+02
1.036201e+02 0.000000e+00 -1.698781e+02 2.734983e+02
-1.781465e+02 0.000000e+00 -8.122175e+00 -1.700243e+02
1.413944e+02 2.159412e+02 1.603722e+02 1.969635e+02
-4.225295e+01 2.159412e+02 4.096341e+01 1.327249e+02
-6.542319e+02 -2.159412e+02 -9.051751e+02 3.500202e+01
-8.351307e+02 -2.159412e+02 -6.746348e+02 -3.764372e+02
-1.010528e+03 0.000000e+00 -6.022951e+02 -4.082328e+02
-1.850310e+01 0.000000e+00 -4.405392e+02 4.220361e+02
-4.385461e+02 2.159412e+02 -2.720448e+02 4.943992e+01
-3.429210e+02 2.159412e+02 -3.914536e+02 2.644738e+02
