2.292175e+03 5.456171e+02
-1.892987e+03 -3.915728e+02
6.227279e+02 2.749119e+02
-2.375619e+02 -4.724560e+02
-2.255424e+02 6.259198e+01
-5.615502e+02 -3.780841e+02
4.214533e+02 7.516135e+02
8.746251e+01 -1.855764e+02
4.671642e+02 4.809082e+02
3.006975e+01 -2.664597e+02
-2.903732e+01 2.685883e+02
-1.408293e+02 -1.720878e+02
-1.229632e+01 5.521825e+02
-1.222275e+02 -3.850074e+02
2.013701e+02 2.814772e+02
-5.540148e+02 -4.658907e+02
4.757266e+02 6.915731e+01
-4.379086e+02 -3.715188e+02
1.406902e+03 1.349145e+03
9.891746e+02 4.119546e+02
1.407176e+02 1.078439e+03
3.075420e+02 3.310714e+02
1.155305e+03 8.661194e+02
7.655266e+02 4.254433e+02
1.330816e+03 5.708893e+02
-9.234683e+02 -3.663006e+02
-1.415573e+02 3.001841e+02
-6.336338e+02 -4.471839e+02
-1.483176e+02 8.786415e+01
1.056295e+02 -3.528120e+02
1.050147e+03 1.080917e+03
9.764313e+02 1.437267e+02
2.020701e+03 8.102113e+02
-6.987795e+02 6.284343e+01
3.382888e+02 5.978914e+02
-2.549994e+02 1.572153e+02
3.599699e+02 1.106112e+03
-6.869612e+02 1.689224e+02
7.989864e+02 8.354070e+02
-1.306360e+02 8.803911e+01
9.359915e+02 6.230871e+02
6.154376e+02 1.824110e+02
1.452484e+03 7.674086e+02
4.128521e+02 -1.697813e+02
-1.003458e+02 4.967033e+02
-9.544442e+02 -2.506646e+02
6.055963e+02 2.843834e+02
1.066869e+02 -1.562927e+02
4.833951e+02 5.621575e+02
-1.113871e+03 -3.750325e+02
5.049582e+02 2.914522e+02
-1.275444e+02 -4.559157e+02
2.262387e+01 7.913229e+01
-5.693053e+02 -3.615438e+02
