-5.376675e+01 -1.671852e+02 -3.121543e+02 9.120236e+01
9.659664e+02 1.671852e+02 3.643285e+02 7.688230e+02
4.329967e+01 -1.671852e+02 -2.487955e+02 1.249100e+02
-2.049514e+02 1.671852e+02 6.022755e+01 -9.799375e+01
-1.293509e+02 -1.671852e+02 -2.341619e+00 -2.941944e+02
-8.121821e-01 1.671852e+02 1.526351e+01 1.511095e+02
3.095756e+01 -1.671852e+02 -2.919201e+02 1.556924e+02
1.000880e+02 1.671852e+02 3.845627e+02 -1.172896e+02
-2.299078e+02 -1.671852e+02 -2.285613e+02 -1.685317e+02
1.907174e+01 1.671852e+02 8.046177e+01 1.057951e+02
1.314219e+02 -1.671852e+02 1.789260e+01 -5.365588e+01
-6.706509e+01 1.671852e+02 3.549773e+01 6.462234e+01
-4.259180e+02 -1.671852e+02 -1.736652e+02 -4.194380e+02
4.366476e+01 1.671852e+02 5.028176e+02 -2.919677e+02
-2.847451e+02 -1.671852e+02 -1.103064e+02 -3.416239e+02
5.332826e+02 1.671852e+02 1.987167e+02 5.017511e+02
-8.013301e+01 -1.671852e+02 1.361475e+02 -3.834657e+02
4.678288e+02 1.671852e+02 1.537526e+02 4.812613e+02
-8.021158e+01 -1.671852e+02 -2.375631e+02 -9.833688e+00
5.061391e+02 1.671852e+02 4.389197e+02 2.344046e+02
-2.587888e+02 -1.671852e+02 -1.742043e+02 -2.517696e+02
3.155843e+02 1.671852e+02 1.348188e+02 3.479507e+02
1.092665e+02 -1.671852e+02 7.224960e+01 -1.301683e+02
-2.157537e+02 1.671852e+02 8.985473e+01 -1.384233e+02
-7.962302e+02 -1.671852e+02 -3.440157e+02 -6.193996e+02
5.106252e+02 1.671852e+02 3.324671e+02 3.453433e+02
-5.282788e+02 -1.671852e+02 -2.806570e+02 -4.148070e+02
2.988363e+01 1.671852e+02 2.836609e+01 1.687027e+02
1.261746e+02 -1.671852e+02 -3.420308e+01 -6.807514e+00
9.757130e+01 1.671852e+02 -1.659794e+01 2.813544e+02
-2.320827e+02 -1.671852e+02 -2.132064e+02 -1.860615e+02
-2.808951e+02 1.671852e+02 4.632764e+02 -5.769864e+02
1.263610e+01 -1.671852e+02 -1.498476e+02 -4.701466e+00
2.118424e+02 1.671852e+02 1.591755e+02 2.198521e+02
1.701861e+02 -1.671852e+02 9.660630e+01 -9.360538e+01
-7.669920e+01 1.671852e+02 1.142114e+02 -2.372547e+01
1.505189e+02 -1.671852e+02 -3.232634e+02 3.065972e+02
1.022375e+03 1.671852e+02 3.532193e+02 8.363405e+02
-6.091337e+02 -1.671852e+02 -2.599047e+02 -5.164142e+02
3.197064e+02 1.671852e+02 4.911838e+01 4.377731e+02
-1.280448e+02 -1.671852e+02 -1.345079e+01 -2.817791e+02
-2.936556e+02 1.671852e+02 4.154341e+00 -1.306248e+02
-7.374917e+01 -1.671852e+02 -2.611814e+02 2.024704e+01
2.411229e+02 1.671852e+02 4.153014e+02 -6.993356e+00
6.448027e+01 -1.671852e+02 -1.978226e+02 9.511772e+01
-7.500719e+01 1.671852e+02 1.112004e+02 -1.902247e+01
-8.953209e+01 -1.671852e+02 4.863128e+01 -3.053485e+02
2.744431e+02 1.671852e+02 6.623641e+01 3.753918e+02
-1.130333e+03 -1.671852e+02 -3.504829e+02 -9.470355e+02
-3.407496e+02 1.671852e+02 3.259999e+02 -4.995643e+02
8.409547e+00 -1.671852e+02 -2.871242e+02 1.283486e+02
-1.052984e+02 1.671852e+02 2.189890e+01 3.998785e+01
3.099456e+01 -1.671852e+02 -4.067027e+01 -9.552033e+01
-3.087986e+01 1.671852e+02 -2.306514e+01 1.593704e+02
