-6.487373e+02 -4.854738e+02 -1.530487e+02 -9.811624e+02
-3.859422e+02 -4.854738e+02 -8.904240e+02 1.900803e+01
-2.618419e+02 0.000000e+00 -4.165207e+00 -2.576767e+02
2.845816e+02 0.000000e+00 -3.816797e+01 3.227496e+02
3.815912e+02 4.854738e+02 4.349783e+02 4.320867e+02
4.799360e+02 4.854738e+02 4.785400e+02 4.868698e+02
-3.675065e+02 -4.854738e+02 -1.710439e+02 -6.819364e+02
-1.071861e+03 -4.854738e+02 -9.084192e+02 -6.489157e+02
-4.192468e+02 0.000000e+00 -2.216041e+01 -3.970864e+02
-3.971697e+02 0.000000e+00 -5.616317e+01 -3.410066e+02
8.005101e+02 4.854738e+02 4.169831e+02 8.690008e+02
8.616250e+02 4.854738e+02 4.605448e+02 8.865539e+02
8.933359e+01 -4.854738e+02 -2.974493e+02 -9.869090e+01
-5.202041e+02 -4.854738e+02 -1.034825e+03 2.914674e+01
-1.110206e+02 0.000000e+00 -1.485658e+02 3.754518e+01
-8.365844e+02 0.000000e+00 -1.825686e+02 -6.540159e+02
-3.459781e+01 4.854738e+02 2.905777e+02 1.602982e+02
8.577143e+02 4.854738e+02 3.341394e+02 1.009049e+03
-3.197614e+02 -4.854738e+02 1.296048e+02 -9.348399e+02
-1.197268e+03 -4.854738e+02 -6.077705e+02 -1.074972e+03
6.387916e+02 0.000000e+00 2.784883e+02 3.603033e+02
7.868118e+02 0.000000e+00 2.444855e+02 5.423263e+02
1.155898e+03 4.854738e+02 7.176318e+02 9.237395e+02
-5.853077e+00 4.854738e+02 7.611935e+02 -2.815728e+02
5.631189e+01 -4.854738e+02 -1.737493e+02 -2.554126e+02
-8.268680e+02 -4.854738e+02 -9.111246e+02 -4.012172e+02
1.111315e+03 0.000000e+00 -2.486577e+01 1.136181e+03
4.020446e+02 0.000000e+00 -5.886853e+01 4.609131e+02
-5.404913e+02 4.854738e+02 4.142777e+02 -4.692953e+02
3.945378e+01 4.854738e+02 4.578395e+02 6.708807e+01
-5.137607e+02 -4.854738e+02 -1.995904e+02 -7.996440e+02
-1.254639e+03 -4.854738e+02 -9.369658e+02 -8.031470e+02
1.548905e+02 0.000000e+00 -5.070696e+01 2.055974e+02
8.223995e+00 0.000000e+00 -8.470972e+01 9.293371e+01
4.791018e+02 4.854738e+02 3.884366e+02 5.761390e+02
3.114232e+02 4.854738e+02 4.319983e+02 3.648987e+02
-1.327214e+02 -4.854738e+02 -4.773555e+02 -1.408397e+02
-1.360632e+03 -4.854738e+02 -1.214731e+03 -6.313752e+02
-6.447439e+02 0.000000e+00 -3.284720e+02 -3.162719e+02
-2.466782e+02 0.000000e+00 -3.624747e+02 1.157965e+02
3.803892e+02 4.854738e+02 1.106715e+02 7.551914e+02
-1.347526e+01 4.854738e+02 1.542333e+02 3.177652e+02
-1.269553e+02 -4.854738e+02 -4.702140e+02 -1.422151e+02
-6.095032e+02 -4.854738e+02 -1.207589e+03 1.126123e+02
-6.381757e+02 0.000000e+00 -3.213305e+02 -3.168452e+02
-1.339118e+03 0.000000e+00 -3.553332e+02 -9.837851e+02
5.688533e+02 4.854738e+02 1.178130e+02 9.365140e+02
3.944965e+02 4.854738e+02 1.613748e+02 7.185955e+02
6.762295e+02 -4.854738e+02 1.339880e+02 5.676775e+01
-1.095174e+02 -4.854738e+02 -6.033873e+02 8.396163e+00
-2.343669e+02 0.000000e+00 2.828715e+02 -5.172383e+02
2.931632e+02 0.000000e+00 2.488687e+02 4.429450e+01
3.899682e+02 4.854738e+02 7.220150e+02 1.534270e+02
1.145403e+03 4.854738e+02 7.655767e+02 8.653005e+02
