1.732579e+03 4.551614e+02 5.717864e+02 1.615954e+03
-1.891261e+02 -4.551614e+02 -2.171062e+02 -4.271813e+02
-1.058518e+03 -4.551614e+02 -4.244901e+02 -1.089189e+03
8.553941e+02 4.551614e+02 4.162818e+02 8.942737e+02
-1.276769e+02 0.000000e+00 1.017042e+02 -2.293811e+02
-1.407691e+02 0.000000e+00 -1.588277e+02 1.805861e+01
3.027789e+02 4.551614e+02 6.956224e+02 6.231789e+01
1.596991e+02 -4.551614e+02 -9.327027e+01 -2.021920e+02
-6.196602e+02 -4.551614e+02 -3.006542e+02 -7.741674e+02
6.653322e+02 4.551614e+02 5.401177e+02 5.803759e+02
3.147922e+02 0.000000e+00 2.255401e+02 8.925210e+01
8.239310e+01 0.000000e+00 -3.499183e+01 1.173849e+02
1.915954e+02 4.551614e+02 1.079441e+03 -4.326843e+02
6.792715e+02 -4.551614e+02 2.905485e+02 -6.643836e+01
1.084780e+02 -4.551614e+02 8.316459e+01 -4.298479e+02
9.552484e+02 4.551614e+02 9.239364e+02 4.864734e+02
9.130680e+02 0.000000e+00 6.093589e+02 3.037091e+02
3.674548e+01 0.000000e+00 3.488269e+02 -3.120814e+02
-7.520746e+02 4.551614e+02 7.422037e+02 -1.039117e+03
-3.881393e+02 -4.551614e+02 -4.668890e+01 -7.966118e+02
8.636813e+01 -4.551614e+02 -2.540728e+02 -1.147205e+02
5.093822e+02 4.551614e+02 5.866991e+02 3.778445e+02
6.410559e+02 0.000000e+00 2.721215e+02 3.689344e+02
-2.505516e+02 0.000000e+00 1.158955e+01 -2.621411e+02
2.252310e+03 4.551614e+02 8.679116e+02 1.839560e+03
-1.940452e+02 -4.551614e+02 7.901896e+01 -7.282255e+02
-9.103738e+01 -4.551614e+02 -1.283649e+02 -4.178338e+02
4.554673e+02 4.551614e+02 7.124069e+02 1.982218e+02
1.783042e+02 0.000000e+00 3.978294e+02 -2.195252e+02
2.249611e+02 0.000000e+00 1.372974e+02 8.766370e+01
1.269190e+02 4.551614e+02 3.110482e+02 2.710322e+02
-7.239291e+02 -4.551614e+02 -4.778444e+02 -7.012460e+02
-4.921883e+02 -4.551614e+02 -6.852283e+02 -2.621214e+02
-3.305950e+02 4.551614e+02 1.555435e+02 -3.097717e+01
-4.981060e+02 0.000000e+00 -1.590340e+02 -3.390720e+02
3.366328e+02 0.000000e+00 -4.195660e+02 7.561988e+02
4.841517e+01 4.551614e+02 9.073423e+02 -4.037658e+02
6.834714e+02 -4.551614e+02 1.184497e+02 1.098603e+02
-6.191961e+02 -4.551614e+02 -8.893417e+01 -9.854233e+02
6.280500e+02 4.551614e+02 7.518377e+02 3.313737e+02
8.849048e+02 0.000000e+00 4.372601e+02 4.476447e+02
-1.411017e+00 0.000000e+00 1.767282e+02 -1.781392e+02
1.286499e+03 4.551614e+02 2.261385e+02 1.515522e+03
-1.839350e+03 -4.551614e+02 -5.627541e+02 -1.731757e+03
-7.832967e+02 -4.551614e+02 -7.701380e+02 -4.683200e+02
4.375443e+02 4.551614e+02 7.063381e+01 8.220719e+02
-1.542978e+02 0.000000e+00 -2.439437e+02 8.964591e+01
-1.241776e+03 0.000000e+00 -5.044757e+02 -7.373001e+02
1.016826e+02 4.551614e+02 5.843476e+02 -2.750361e+01
2.502937e+02 -4.551614e+02 -2.045450e+02 -3.226891e-01
2.675407e+02 -4.551614e+02 -4.119289e+02 2.243082e+02
3.718096e+02 4.551614e+02 4.288430e+02 3.981281e+02
-4.233661e+02 0.000000e+00 1.142654e+02 -5.376315e+02
-7.368005e+00 0.000000e+00 -1.462666e+02 1.388986e+02
