1.739963e+03 1.342576e+03
5.712214e+02 4.816335e+02
3.034149e+02 9.108563e+02
-1.975653e+02 -4.815958e+01
9.429386e+02 2.493196e+02
3.359007e+02 8.929629e+02
1.176269e+03 7.607732e+02
9.247363e+02 -1.001692e+02
-1.238063e+02 3.290536e+02
-5.611701e+02 -6.299623e+02
-1.082257e+02 -3.324831e+02
-3.420375e+01 3.111602e+02
8.686540e+02 9.245546e+02
-8.019938e+02 6.361216e+01
1.013320e+03 4.928350e+02
-1.349543e+02 -4.661809e+02
-6.939791e+02 -1.687017e+02
6.177021e+02 4.749416e+02
9.293991e+02 2.735312e+02
-2.845567e+02 -5.874112e+02
-6.054624e+02 -1.581884e+02
-1.274398e+03 -1.117204e+03
-1.304411e+03 -8.197251e+02
6.170117e+02 -1.760818e+02
8.725507e+01 8.271993e+02
2.365197e+02 -3.374307e+01
1.147279e+03 3.954798e+02
-4.403482e+02 -5.635361e+02
-2.717692e+02 -2.660569e+02
-4.309241e+01 3.775864e+02
1.695110e+02 6.193348e+02
-3.047261e+03 -2.416076e+02
1.372503e+03 1.876152e+02
-3.838380e+03 -7.714007e+02
5.847964e+02 -4.739215e+02
5.103165e+02 1.697218e+02
5.938173e+02 8.884582e+02
-1.689482e+02 2.751582e+01
5.042444e+02 4.567386e+02
-4.242304e+02 -5.022773e+02
-2.612146e+02 -2.047980e+02
5.523564e+02 4.388453e+02
8.781158e+02 5.822937e+02
-1.532029e+03 -2.786487e+02
1.721334e+02 1.505741e+02
-7.390199e+02 -8.084418e+02
-2.985901e+02 -5.109626e+02
-3.085634e+02 1.326807e+02
-2.357373e+03 -4.917753e+02
-5.596024e+01 -1.352718e+03
-1.140732e+03 -9.234949e+02
-1.557821e+03 -1.882511e+03
-2.032767e+03 -1.585032e+03
-1.665137e+02 -9.413883e+02
