-1.676154e+03 -1.383142e+03 -1.709355e+02 -2.888361e+03
6.868419e+03 -1.383142e+03 -8.818483e+02 6.367126e+03
3.550865e+03 1.383142e+03 1.804665e+03 3.129342e+03
2.668740e+03 1.383142e+03 2.253563e+03 1.798319e+03
-1.282684e+02 0.000000e+00 5.323683e+02 -6.606368e+02
3.646771e+00 0.000000e+00 3.380193e+02 -3.343725e+02
-3.122236e+03 -1.383142e+03 -1.546055e+03 -2.959323e+03
-7.744050e+03 -1.383142e+03 -2.256968e+03 -6.870224e+03
-6.402956e+02 1.383142e+03 4.295450e+02 3.133015e+02
2.982948e+03 1.383142e+03 8.784438e+02 3.487647e+03
-6.722842e+02 0.000000e+00 -8.427514e+02 1.704671e+02
-3.318268e+01 0.000000e+00 -1.037100e+03 1.003918e+03
-7.770997e+02 -1.383142e+03 -7.993969e+02 -1.360845e+03
2.545318e+03 -1.383142e+03 -1.510310e+03 2.672486e+03
6.016071e+02 1.383142e+03 1.176203e+03 8.085460e+02
1.916288e+03 1.383142e+03 1.625102e+03 1.674328e+03
-1.234464e+01 0.000000e+00 -9.609308e+01 8.374844e+01
2.751595e+02 0.000000e+00 -2.904421e+02 5.656016e+02
6.779242e+02 -1.383142e+03 -1.537279e+03 8.320611e+02
-1.037968e+03 -1.383142e+03 -2.248192e+03 -1.729180e+02
-2.327540e+02 1.383142e+03 4.383212e+02 7.120669e+02
5.967498e+02 1.383142e+03 8.872200e+02 1.092672e+03
-8.901463e+02 0.000000e+00 -8.339752e+02 -5.617112e+01
-8.531248e+02 0.000000e+00 -1.028324e+03 1.751995e+02
-1.159227e+01 -1.383142e+03 -1.215232e+03 -1.795028e+02
-7.765483e+03 -1.383142e+03 -1.926144e+03 -7.222481e+03
9.581127e+02 1.383142e+03 7.603686e+02 1.580886e+03
-5.102240e+02 1.383142e+03 1.209267e+03 -3.363494e+02
-5.561057e+02 0.000000e+00 -5.119277e+02 -4.417798e+01
-8.375844e+02 0.000000e+00 -7.062768e+02 -1.313076e+02
3.056354e+03 -1.383142e+03 -7.081295e+02 2.381341e+03
-2.604936e+03 -1.383142e+03 -1.419042e+03 -2.569035e+03
2.714109e+03 1.383142e+03 1.267471e+03 2.829781e+03
2.958362e+02 1.383142e+03 1.716370e+03 -3.739124e+01
-5.275319e+02 0.000000e+00 -4.825624e+00 -5.227062e+02
3.050022e+02 0.000000e+00 -1.991747e+02 5.041769e+02
3.722909e+02 -1.383142e+03 -8.130240e+02 -1.978272e+02
-5.240910e+03 -1.383142e+03 -1.523937e+03 -5.100115e+03
1.636698e+03 1.383142e+03 1.162576e+03 1.857264e+03
-2.935179e+02 1.383142e+03 1.611475e+03 -5.218508e+02
1.085218e+03 0.000000e+00 -1.097201e+02 1.194938e+03
-2.742223e+03 0.000000e+00 -3.040692e+02 -2.438153e+03
-2.898996e+02 -1.383142e+03 -2.995486e+02 -1.373493e+03
4.368195e+03 -1.383142e+03 -1.010461e+03 3.995514e+03
1.631590e+03 1.383142e+03 1.676052e+03 1.338681e+03
5.372662e+03 1.383142e+03 2.124950e+03 4.630853e+03
6.353730e+02 0.000000e+00 4.037552e+02 2.316178e+02
-3.402059e+03 0.000000e+00 2.094062e+02 -3.611466e+03
-4.667427e+03 -1.383142e+03 -1.785490e+03 -4.265079e+03
-1.917737e+03 -1.383142e+03 -2.496403e+03 -8.044760e+02
-3.251741e+02 1.383142e+03 1.901100e+02 8.678580e+02
1.925067e+03 1.383142e+03 6.390089e+02 2.669200e+03
-1.330166e+03 0.000000e+00 -1.082186e+03 -2.479798e+02
-1.121113e+02 0.000000e+00 -1.276535e+03 1.164424e+03
