8.947372e+02 2.276324e+02
-8.283544e+02 6.420564e+02
-9.004329e+02 -4.940671e+02
-1.672527e+03 -7.049987e+02
8.062845e+02 7.622192e+01
5.561995e+02 2.592522e+02
1.816776e+02 6.292749e+02
5.732598e+02 1.043699e+03
3.162717e+01 -9.242464e+01
2.360504e+01 -3.033562e+02
2.667675e+02 4.778644e+02
9.387678e+02 6.608946e+02
4.313040e+02 3.790784e+02
1.668939e+03 7.935025e+02
-8.864298e+02 -3.426211e+02
-8.356539e+02 -5.535526e+02
4.423559e+02 2.276680e+02
5.558156e+02 4.106982e+02
9.069537e+02 2.033868e+02
1.274091e+03 6.178109e+02
-1.443500e+02 -5.183127e+02
-9.206661e+02 -7.292442e+02
-1.044762e+03 5.197635e+01
9.494811e+02 2.350066e+02
-6.080756e+00 6.319029e+02
1.731853e+03 1.046327e+03
-6.924818e+01 -8.979662e+01
2.984344e+02 -3.007282e+02
8.084156e+01 4.804924e+02
5.287347e+02 6.635227e+02
2.885274e+01 8.986296e+01
-3.591919e+02 5.042870e+02
-2.826472e+02 -6.318365e+02
-1.507557e+03 -8.427681e+02
2.269688e+02 -6.154750e+01
2.256339e+02 1.214827e+02
-3.551476e+02 -9.197155e+01
1.010672e+03 3.224525e+02
-1.693307e+02 -8.136710e+02
-5.876182e+02 -1.024603e+03
-4.700754e+02 -2.433820e+02
-9.898999e+02 -6.035176e+01
3.776651e-01 -3.657564e+02
-9.273112e+02 4.866762e+01
-1.799510e+03 -1.087456e+03
-8.019323e+02 -1.298387e+03
2.575837e+01 -5.171669e+02
-7.755391e+02 -3.341366e+02
9.207729e+02 6.770321e+02
1.869841e+03 1.091456e+03
-2.459881e+02 -4.466737e+01
-9.696534e+01 -2.555989e+02
1.246797e+02 5.256217e+02
9.354213e+02 7.086519e+02
