1.739963e+03 5.178741e+02 1.342576e+03 9.152608e+02
5.712214e+02 -5.178741e+02 4.816335e+02 -4.282862e+02
3.034149e+02 0.000000e+00 9.108563e+02 -6.074415e+02
-1.975653e+02 0.000000e+00 -4.815958e+01 -1.494057e+02
9.429386e+02 -5.178741e+02 2.493196e+02 1.757448e+02
3.359007e+02 5.178741e+02 8.929629e+02 -3.918809e+01
1.176269e+03 5.178741e+02 7.607732e+02 9.333696e+02
9.247363e+02 -5.178741e+02 -1.001692e+02 5.070314e+02
-1.238063e+02 0.000000e+00 3.290536e+02 -4.528599e+02
-5.611701e+02 0.000000e+00 -6.299623e+02 6.879218e+01
-1.082257e+02 -5.178741e+02 -3.324831e+02 -2.936168e+02
-3.420375e+01 5.178741e+02 3.111602e+02 1.725102e+02
8.686540e+02 5.178741e+02 9.245546e+02 4.619736e+02
-8.019938e+02 -5.178741e+02 6.361216e+01 -1.383480e+03
1.013320e+03 0.000000e+00 4.928350e+02 5.204853e+02
-1.349543e+02 0.000000e+00 -4.661809e+02 3.312266e+02
-6.939791e+02 -5.178741e+02 -1.687017e+02 -1.043152e+03
6.177021e+02 5.178741e+02 4.749416e+02 6.606346e+02
9.293991e+02 5.178741e+02 2.735312e+02 1.173742e+03
-2.845567e+02 -5.178741e+02 -5.874112e+02 -2.150196e+02
-6.054624e+02 0.000000e+00 -1.581884e+02 -4.472740e+02
-1.274398e+03 0.000000e+00 -1.117204e+03 -1.571934e+02
-1.304411e+03 -5.178741e+02 -8.197251e+02 -1.002561e+03
6.170117e+02 5.178741e+02 -1.760818e+02 1.310968e+03
8.725507e+01 5.178741e+02 8.271993e+02 -2.220701e+02
2.365197e+02 -5.178741e+02 -3.374307e+01 -2.476113e+02
1.147279e+03 0.000000e+00 3.954798e+02 7.517995e+02
-4.403482e+02 0.000000e+00 -5.635361e+02 1.231879e+02
-2.717692e+02 -5.178741e+02 -2.660569e+02 -5.235865e+02
-4.309241e+01 5.178741e+02 3.775864e+02 9.719537e+01
1.695110e+02 5.178741e+02 6.193348e+02 6.805031e+01
-3.047261e+03 -5.178741e+02 -2.416076e+02 -3.323528e+03
1.372503e+03 0.000000e+00 1.876152e+02 1.184888e+03
-3.838380e+03 0.000000e+00 -7.714007e+02 -3.066979e+03
5.847964e+02 -5.178741e+02 -4.739215e+02 5.408438e+02
5.103165e+02 5.178741e+02 1.697218e+02 8.584688e+02
5.938173e+02 5.178741e+02 8.884582e+02 2.232332e+02
-1.689482e+02 -5.178741e+02 2.751582e+01 -7.143381e+02
5.042444e+02 0.000000e+00 4.567386e+02 4.750577e+01
-4.242304e+02 0.000000e+00 -5.022773e+02 7.804688e+01
-2.612146e+02 -5.178741e+02 -2.047980e+02 -5.742907e+02
5.523564e+02 5.178741e+02 4.388453e+02 6.313853e+02
8.781158e+02 5.178741e+02 5.822937e+02 8.136963e+02
-1.532029e+03 -5.178741e+02 -2.786487e+02 -1.771254e+03
1.721334e+02 0.000000e+00 1.505741e+02 2.155933e+01
-7.390199e+02 0.000000e+00 -8.084418e+02 6.942191e+01
-2.985901e+02 -5.178741e+02 -5.109626e+02 -3.055017e+02
-3.085634e+02 5.178741e+02 1.326807e+02 7.663000e+01
-2.357373e+03 5.178741e+02 -4.917753e+02 -1.347723e+03
-5.596024e+01 -5.178741e+02 -1.352718e+03 7.788833e+02
-1.140732e+03 0.000000e+00 -9.234949e+02 -2.172372e+02
-1.557821e+03 0.000000e+00 -1.882511e+03 3.246900e+02
-2.032767e+03 -5.178741e+02 -1.585032e+03 -9.656096e+02
-1.665137e+02 5.178741e+02 -9.413883e+02 1.292749e+03
