5.323038e+02 1.927912e+02 2.178519e+01 7.033098e+02
-4.554120e+02 -1.927912e+02 -3.101081e+02 -3.380952e+02
-2.318045e+02 -1.927912e+02 -2.763918e+02 -1.482039e+02
2.062015e+02 1.927912e+02 9.270487e+01 3.062878e+02
-3.309556e+02 0.000000e+00 -1.186068e+02 -2.123487e+02
-3.827414e+01 0.000000e+00 -2.052672e+02 1.669931e+02
5.488091e+02 1.927912e+02 2.564502e+02 4.851501e+02
-2.263141e+02 -1.927912e+02 -7.544308e+01 -3.436622e+02
-8.299342e+01 -1.927912e+02 -4.172683e+01 -2.340578e+02
3.920462e+02 1.927912e+02 3.273698e+02 2.574676e+02
1.039230e+02 0.000000e+00 1.160582e+02 -1.213519e+01
1.110823e+01 0.000000e+00 2.939775e+01 -1.828953e+01
-1.060640e+02 1.927912e+02 1.783345e+02 -9.160726e+01
-1.020113e+02 -1.927912e+02 -1.535588e+02 -1.412437e+02
-6.354982e+00 -1.927912e+02 -1.198425e+02 -7.930361e+01
9.756203e+01 1.927912e+02 2.492541e+02 4.109905e+01
3.256540e+00 0.000000e+00 3.794245e+01 -3.468591e+01
5.931870e+01 0.000000e+00 -4.871795e+01 1.080367e+02
2.267942e+02 1.927912e+02 8.829433e+01 3.312910e+02
3.061116e+02 -1.927912e+02 -2.435989e+02 3.569194e+02
-1.973085e+02 -1.927912e+02 -2.098827e+02 -1.802170e+02
3.182531e+02 1.927912e+02 1.592140e+02 3.518302e+02
-2.120332e+02 0.000000e+00 -5.209769e+01 -1.599355e+02
-1.437944e+02 0.000000e+00 -1.387581e+02 -5.036327e+00
-3.218767e+02 1.927912e+02 8.803663e+01 -2.171222e+02
-8.138418e+02 -1.927912e+02 -2.438566e+02 -7.627763e+02
-2.015003e+02 -1.927912e+02 -2.101404e+02 -1.841511e+02
3.887239e+02 1.927912e+02 1.589563e+02 4.225588e+02
5.417001e+01 0.000000e+00 -5.235539e+01 1.065254e+02
-2.342086e+02 0.000000e+00 -1.390158e+02 -9.519284e+01
-1.554923e+02 1.927912e+02 4.290314e+01 -5.604286e+00
1.177179e+02 -1.927912e+02 -2.889901e+02 2.139168e+02
-4.092875e+02 -1.927912e+02 -2.552739e+02 -3.468048e+02
1.160021e+02 1.927912e+02 1.138228e+02 1.949705e+02
9.517291e+01 0.000000e+00 -9.748887e+01 1.926618e+02
-3.326328e+02 0.000000e+00 -1.841493e+02 -1.484835e+02
-1.747607e+02 1.927912e+02 7.380320e+01 -5.577270e+01
-6.468387e+01 -1.927912e+02 -2.580900e+02 6.150131e-01
-1.379087e+02 -1.927912e+02 -2.243738e+02 -1.063261e+02
4.029351e+00 1.927912e+02 1.447229e+02 5.209765e+01
-3.337280e+01 0.000000e+00 -6.658882e+01 3.321602e+01
-1.453156e+02 0.000000e+00 -1.532492e+02 7.933651e+00
-1.971916e+02 1.927912e+02 -9.030128e+00 4.629677e+00
-5.217745e+00 -1.927912e+02 -3.409234e+02 1.429145e+02
-6.765387e+02 -1.927912e+02 -3.072071e+02 -5.621227e+02
7.278129e+01 1.927912e+02 6.188955e+01 2.036829e+02
1.155235e+02 0.000000e+00 -1.494221e+02 2.649457e+02
-4.211429e+02 0.000000e+00 -2.360825e+02 -1.850604e+02
3.883156e+02 1.927912e+02 3.766297e+01 5.434438e+02
-3.553737e+02 -1.927912e+02 -2.942303e+02 -2.539346e+02
-2.130844e+02 -1.927912e+02 -2.605140e+02 -1.453615e+02
-1.022132e+02 1.927912e+02 1.085826e+02 -1.800464e+01
-3.167052e+01 0.000000e+00 -1.027290e+02 7.105853e+01
-2.848589e+02 0.000000e+00 -1.893894e+02 -9.546941e+01
