2.448100e+01 8.275101e+01 7.770342e+01 2.952860e+01
4.535000e+01 -8.275101e+01 -6.810362e+01 3.070261e+01
1.714955e+02 0.000000e+00 6.878912e+01 1.027064e+02
-8.569633e+01 0.000000e+00 -4.823051e+01 -3.746581e+01
-1.083555e+02 -8.275101e+01 -1.120177e+02 -7.908881e+01
-7.423290e+01 8.275101e+01 4.821980e+00 3.696132e+00
3.756116e+01 8.275101e+01 1.103379e+02 9.974308e+00
3.513453e+01 -8.275101e+01 -3.546917e+01 -1.214731e+01
1.781871e+02 0.000000e+00 1.014236e+02 7.676352e+01
7.906739e+01 0.000000e+00 -1.559607e+01 9.466346e+01
-1.591452e+01 -8.275101e+01 -7.938328e+01 -1.928226e+01
-9.742375e+01 8.275101e+01 3.745643e+01 -5.212917e+01
2.163764e+02 8.275101e+01 7.115523e+01 2.279722e+02
-1.949368e+02 -8.275101e+01 -7.465181e+01 -2.030360e+02
2.689557e+01 0.000000e+00 6.224094e+01 -3.534537e+01
-7.645414e+01 0.000000e+00 -5.477870e+01 -2.167544e+01
-1.710877e+02 -8.275101e+01 -1.185659e+02 -1.352728e+02
4.261330e+01 8.275101e+01 -1.726208e+00 1.270905e+02
-1.450535e+02 8.275101e+01 1.262844e+01 -7.493092e+01
5.223048e+01 -8.275101e+01 -1.331786e+02 1.026581e+02
-4.714742e+01 0.000000e+00 3.714146e+00 -5.086157e+01
-3.991751e+01 0.000000e+00 -1.133055e+02 7.338798e+01
-2.765966e+02 -8.275101e+01 -1.770927e+02 -1.822549e+02
4.961346e-01 8.275101e+01 -6.025300e+01 1.435001e+02
2.026625e+02 8.275101e+01 2.085373e+02 7.687621e+01
-4.305007e+02 -8.275101e+01 6.273026e+01 -5.759820e+02
2.440375e+02 0.000000e+00 1.996230e+02 4.441453e+01
1.503313e+02 0.000000e+00 8.260337e+01 6.772793e+01
-4.677826e+01 -8.275101e+01 1.881615e+01 -1.483454e+02
2.230019e+02 8.275101e+01 1.356559e+02 1.700971e+02
1.940885e+02 8.275101e+01 8.914972e+01 1.876898e+02
-2.147397e+01 -8.275101e+01 -5.665731e+01 -4.756768e+01
1.905292e+01 0.000000e+00 8.023543e+01 -6.118251e+01
-5.954061e+01 0.000000e+00 -3.678420e+01 -2.275641e+01
-8.895336e+01 -8.275101e+01 -1.005714e+02 -7.113296e+01
3.106530e+01 8.275101e+01 1.626829e+01 9.754803e+01
1.033760e+02 8.275101e+01 1.456955e+01 1.715574e+02
-1.478092e+02 -8.275101e+01 -1.312375e+02 -9.932278e+01
-1.839285e+02 0.000000e+00 5.655262e+00 -1.895838e+02
-1.554158e+02 0.000000e+00 -1.113644e+02 -4.405141e+01
-2.377570e+02 -8.275101e+01 -1.751516e+02 -1.453564e+02
1.043981e+02 8.275101e+01 -5.831188e+01 2.454610e+02
-3.242817e+01 8.275101e+01 2.557431e+01 2.474854e+01
-1.807020e+02 -8.275101e+01 -1.202327e+02 -1.432203e+02
1.105517e+02 0.000000e+00 1.666002e+01 9.389163e+01
-1.649133e+02 0.000000e+00 -1.003596e+02 -6.455371e+01
-1.111505e+02 -8.275101e+01 -1.641468e+02 -2.975466e+01
-8.673207e+01 8.275101e+01 -4.730712e+01 4.332607e+01
1.255866e+02 8.275101e+01 6.224079e+01 1.460968e+02
-1.790055e+02 -8.275101e+01 -8.356625e+01 -1.781902e+02
3.156869e+01 0.000000e+00 5.332650e+01 -2.175781e+01
-4.844189e+01 0.000000e+00 -6.369314e+01 1.525125e+01
-5.324558e-01 -8.275101e+01 -1.274804e+02 4.419688e+01
-5.776155e+01 8.275101e+01 -1.064065e+01 3.563011e+01
