-3.136290e+02 -1.126359e+02 -1.718814e+02 -2.543835e+02
-6.976469e+01 -1.126359e+02 -1.128991e+02 -6.950144e+01
2.318143e+01 1.126359e+02 7.120985e+01 6.460744e+01
2.060235e+01 1.126359e+02 1.743755e+01 1.158007e+02
-1.743826e+02 0.000000e+00 -9.661465e+01 -7.776792e+01
6.284580e+01 0.000000e+00 -1.171252e+02 1.799710e+02
-3.164637e+00 -1.126359e+02 -4.902343e+01 -6.677706e+01
3.284521e+02 -1.126359e+02 9.958852e+00 2.058574e+02
1.087764e+02 1.126359e+02 1.940678e+02 2.734445e+01
1.427357e+02 1.126359e+02 1.402955e+02 1.150761e+02
1.302140e+01 0.000000e+00 2.624332e+01 -1.322191e+01
-5.158320e+01 0.000000e+00 5.732797e+00 -5.731600e+01
-2.209916e+02 -1.126359e+02 -1.956462e+02 -1.379813e+02
-2.286468e+02 -1.126359e+02 -1.366639e+02 -2.046188e+02
-1.446141e+01 1.126359e+02 4.744509e+01 5.072935e+01
6.961497e+01 1.126359e+02 -6.327213e+00 1.885780e+02
-7.136468e+01 0.000000e+00 -1.203794e+02 4.901474e+01
-1.786528e+02 0.000000e+00 -1.408899e+02 -3.776284e+01
-4.528904e+01 -1.126359e+02 -3.175624e+01 -1.261687e+02
-1.519566e+02 -1.126359e+02 2.722604e+01 -2.918185e+02
2.912162e+02 1.126359e+02 2.113350e+02 1.925171e+02
7.575359e+01 1.126359e+02 1.575627e+02 3.082673e+01
-4.538164e+01 0.000000e+00 4.351051e+01 -8.889215e+01
2.035574e+02 0.000000e+00 2.299999e+01 1.805574e+02
-1.153448e+02 -1.126359e+02 -1.834736e+02 -4.450709e+01
-1.033389e+02 -1.126359e+02 -1.244913e+02 -9.148348e+01
2.237751e+02 1.126359e+02 5.961767e+01 2.767933e+02
-8.730634e+01 1.126359e+02 5.845371e+00 1.948414e+01
-1.019079e+02 0.000000e+00 -1.082068e+02 6.298902e+00
-2.019229e+02 0.000000e+00 -1.287173e+02 -7.320556e+01
3.448500e+02 -1.126359e+02 -1.361223e+02 3.683364e+02
-1.931823e+02 -1.126359e+02 -7.713996e+01 -2.286782e+02
2.758599e+02 1.126359e+02 1.069690e+02 2.815267e+02
1.020831e+02 1.126359e+02 5.319670e+01 1.615223e+02
-1.090949e+02 0.000000e+00 -6.085550e+01 -4.823939e+01
-2.425256e+02 0.000000e+00 -8.136602e+01 -1.611596e+02
5.338644e+01 -1.126359e+02 -1.450332e+02 8.578379e+01
-1.495645e+02 -1.126359e+02 -8.605091e+01 -1.761495e+02
4.834925e+01 1.126359e+02 9.805805e+01 6.292706e+01
-3.597113e+01 1.126359e+02 4.428575e+01 3.237898e+01
-8.059338e+01 0.000000e+00 -6.976645e+01 -1.082693e+01
2.533661e+00 0.000000e+00 -9.027697e+01 9.281063e+01
-2.550476e+02 -1.126359e+02 -8.042930e+01 -2.872541e+02
-3.204770e+02 -1.126359e+02 -2.144701e+01 -4.116658e+02
1.201202e+02 1.126359e+02 1.626620e+02 7.009411e+01
2.584030e+02 1.126359e+02 1.088897e+02 2.621492e+02
1.028295e+02 0.000000e+00 -5.162545e+00 1.079920e+02
-8.891686e+01 0.000000e+00 -2.567306e+01 -6.324380e+01
-3.315803e+02 -1.126359e+02 -8.888911e+01 -3.553270e+02
3.729473e+01 -1.126359e+02 -2.990682e+01 -4.543431e+01
2.948285e+01 1.126359e+02 1.542021e+02 -1.208344e+01
1.204292e+02 1.126359e+02 1.004298e+02 1.326352e+02
4.904041e+01 0.000000e+00 -1.362236e+01 6.266277e+01
1.600918e+01 0.000000e+00 -3.413288e+01 5.014206e+01
