-1.917222e+02 -9.670507e+01 -8.654803e+01 -2.018792e+02
2.264902e+01 -9.670507e+01 -1.104115e+02 3.635540e+01
-1.799894e+02 0.000000e+00 -8.396460e+00 -1.715929e+02
8.978362e+01 0.000000e+00 -1.830085e+01 1.080845e+02
7.017219e+01 9.670507e+01 9.964425e+01 6.723301e+01
1.465816e+02 9.670507e+01 7.864257e+01 1.646442e+02
1.216715e+01 -9.670507e+01 -1.561149e+02 7.157700e+01
-1.444643e+02 -9.670507e+01 -1.799783e+02 -6.119103e+01
-6.369909e+00 0.000000e+00 -7.796335e+01 7.159344e+01
-1.337353e+02 0.000000e+00 -8.786774e+01 -4.586752e+01
-3.682748e+01 9.670507e+01 3.007735e+01 2.980024e+01
3.106551e+01 9.670507e+01 9.075676e+00 1.186949e+02
-2.783830e+02 -9.670507e+01 -2.681782e+02 -1.069099e+02
-6.148276e+02 -9.670507e+01 -2.920416e+02 -4.194911e+02
-8.716846e+01 0.000000e+00 -1.900266e+02 1.028581e+02
-2.044632e+02 0.000000e+00 -1.999310e+02 -4.532222e+00
-3.637323e+01 9.670507e+01 -8.198588e+01 1.423177e+02
-1.606548e+02 9.670507e+01 -1.029876e+02 3.903787e+01
-1.571433e+02 -9.670507e+01 -2.585265e+01 -2.279957e+02
1.338669e+02 -9.670507e+01 -4.971608e+01 8.687787e+01
-8.726954e+00 0.000000e+00 5.229892e+01 -6.102587e+01
-1.931199e+01 0.000000e+00 4.239453e+01 -6.170653e+01
1.902568e+02 9.670507e+01 1.603396e+02 1.266223e+02
1.921934e+02 9.670507e+01 1.393379e+02 1.495605e+02
-3.686629e+01 -9.670507e+01 -2.080068e+02 7.443545e+01
-2.844017e+02 -9.670507e+01 -2.318702e+02 -1.492366e+02
-2.369689e+02 0.000000e+00 -1.298552e+02 -1.071137e+02
-1.212194e+02 0.000000e+00 -1.397596e+02 1.854023e+01
1.466788e+01 9.670507e+01 -2.181454e+01 1.331875e+02
-4.779134e+01 9.670507e+01 -4.281622e+01 9.172995e+01
-1.016003e+02 -9.670507e+01 -1.154342e+02 -8.287117e+01
-2.329247e+01 -9.670507e+01 -1.392976e+02 1.930009e+01
-7.725780e+01 0.000000e+00 -3.728264e+01 -3.997516e+01
-1.066360e+02 0.000000e+00 -4.718703e+01 -5.944899e+01
7.900101e+01 9.670507e+01 7.075807e+01 1.049480e+02
8.817416e+01 9.670507e+01 4.975639e+01 1.351228e+02
-9.061409e+00 -9.670507e+01 -9.060708e+01 -1.515940e+01
-5.317278e+01 -9.670507e+01 -1.144705e+02 -3.540734e+01
-3.904687e+01 0.000000e+00 -1.245550e+01 -2.659136e+01
-9.464055e+01 0.000000e+00 -2.235990e+01 -7.228065e+01
1.297197e+01 9.670507e+01 9.558520e+01 1.409184e+01
1.874364e+02 9.670507e+01 7.458352e+01 2.095580e+02
-2.197082e+02 -9.670507e+01 -1.080335e+02 -2.083798e+02
-2.051587e+02 -9.670507e+01 -1.318969e+02 -1.699668e+02
2.176778e+02 0.000000e+00 -2.988188e+01 2.475597e+02
-4.742858e+01 0.000000e+00 -3.978627e+01 -7.642303e+00
6.548042e+01 9.670507e+01 7.815882e+01 8.402667e+01
-9.406528e+01 9.670507e+01 5.715714e+01 -5.451735e+01
-2.143447e+02 -9.670507e+01 -1.743405e+02 -1.367093e+02
-3.072247e+02 -9.670507e+01 -1.982039e+02 -2.057259e+02
-5.899773e+01 0.000000e+00 -9.618892e+01 3.719120e+01
1.830377e+01 0.000000e+00 -1.060933e+02 1.243971e+02
4.120532e+01 9.670507e+01 1.185178e+01 1.260586e+02
-1.225505e+02 9.670507e+01 -9.149895e+00 -1.669557e+01
