-3.418765e+02 2.043185e+02
-9.349570e+01 -1.119253e+02
2.091738e+02 1.117933e+02
-2.516844e+01 1.163193e+00
9.705349e+01 5.119491e+01
3.775765e+01 1.053518e+00
6.255960e+02 2.467102e+02
-2.776751e+02 -6.953356e+01
4.058134e+02 1.541850e+02
-7.311975e+01 4.355494e+01
4.370456e+01 9.358666e+01
-6.415915e+01 4.344526e+01
-6.887404e+01 9.620672e+01
-8.699580e+01 -2.200371e+02
1.483677e+01 3.681519e+00
-1.128983e+02 -1.069486e+02
-1.176387e+01 -5.691684e+01
-1.569987e+02 -1.070582e+02
3.414337e+02 2.269930e+02
1.382770e+01 -8.925077e+01
-1.422522e+01 1.344678e+02
2.304879e+01 2.383773e+01
5.857305e+01 7.386945e+01
9.540652e+01 2.372805e+01
5.459878e+01 2.078231e+02
-3.169941e+02 -1.084207e+02
3.870004e+01 1.152979e+02
-2.341134e+01 4.667839e+00
1.748350e+02 5.469956e+01
2.812314e+01 4.558165e+00
3.670579e+02 1.816505e+02
-6.537420e+01 -1.345933e+02
5.464134e+01 8.912527e+01
2.468531e+01 -2.150480e+01
1.728456e+01 2.852692e+01
-1.068666e+02 -2.161448e+01
2.875436e+02 2.756991e+02
3.144327e+01 -4.054464e+01
1.053889e+01 1.831739e+02
1.928632e+02 7.254386e+01
8.399902e+01 1.225756e+02
1.031140e+02 7.243418e+01
3.660939e+02 2.373643e+02
-2.098408e+02 -7.887948e+01
1.172594e+02 1.448391e+02
5.320033e+01 3.420901e+01
1.416461e+02 8.424073e+01
-3.539737e+01 3.409934e+01
8.963296e+01 1.398889e+02
-1.303675e+02 -1.763549e+02
1.397180e+02 4.736367e+01
-6.830531e+01 -6.326641e+01
-1.521544e+02 -1.323469e+01
3.896906e+01 -6.337608e+01
