-3.534795e+02 -1.115958e+02 -2.106651e+02 -2.544102e+02
2.678734e+02 1.115958e+02 2.628287e+02 1.166404e+02
2.467744e+02 -1.115958e+02 3.310183e+01 1.020768e+02
3.727296e+02 1.115958e+02 1.337864e+02 3.505390e+02
-1.857419e+02 -1.115958e+02 -3.087321e+01 -2.664645e+02
-1.527918e+02 1.115958e+02 6.452319e+01 -1.057192e+02
2.993061e+02 -1.115958e+02 -8.776185e+01 2.754722e+02
5.259297e+02 1.115958e+02 3.857320e+02 2.517935e+02
9.244123e+01 -1.115958e+02 1.560051e+02 -1.751596e+02
8.561752e+01 1.115958e+02 2.566896e+02 -5.947630e+01
2.227458e+02 -1.115958e+02 9.203003e+01 1.912000e+01
5.890688e+01 1.115958e+02 1.874264e+02 -1.692376e+01
-5.498763e+02 -1.115958e+02 -2.568833e+02 -4.045888e+02
2.581348e+02 1.115958e+02 2.166105e+02 1.531201e+02
-1.849190e+02 -1.115958e+02 -1.311639e+01 -2.833984e+02
1.244890e+02 1.115958e+02 8.756815e+01 1.485166e+02
-5.557634e+01 -1.115958e+02 -7.709142e+01 -9.008071e+01
1.827580e+02 1.115958e+02 1.830497e+01 2.760488e+02
-1.175942e+02 -1.115958e+02 -2.997371e+02 7.054713e+01
-1.160954e+02 1.115958e+02 1.737567e+02 -1.782563e+02
-9.583151e+01 -1.115958e+02 -5.597016e+01 -1.514571e+02
1.281854e+02 1.115958e+02 4.471437e+01 1.950668e+02
-4.495356e+01 -1.115958e+02 -1.199452e+02 -3.660415e+01
-1.347938e+02 1.115958e+02 -2.454880e+01 1.350828e+00
9.388385e+01 -1.115958e+02 -2.177270e+02 2.000151e+02
8.565929e+01 1.115958e+02 2.557668e+02 -5.851168e+01
7.434752e+01 -1.115958e+02 2.603988e+01 -6.328814e+01
6.829198e+01 1.115958e+02 1.267244e+02 5.316336e+01
-1.174970e+01 -1.115958e+02 -3.793516e+01 -8.541032e+01
-3.279367e+01 1.115958e+02 5.746123e+01 2.134088e+01
-6.155211e+02 -1.115958e+02 -3.120614e+02 -4.150555e+02
-2.127662e+02 1.115958e+02 1.614324e+02 -2.626028e+02
-1.714131e+02 -1.115958e+02 -6.829451e+01 -2.147144e+02
6.128844e+01 1.115958e+02 3.239002e+01 1.404942e+02
-2.813217e+02 -1.115958e+02 -1.322696e+02 -2.606480e+02
3.203961e+02 1.115958e+02 -3.687316e+01 4.688650e+02
-4.309675e+02 -1.115958e+02 -3.489154e+02 -1.936479e+02
-1.215976e+02 1.115958e+02 1.245784e+02 -1.345802e+02
-1.220987e+02 -1.115958e+02 -1.051485e+02 -1.285460e+02
4.906450e+01 1.115958e+02 -4.463921e+00 1.651242e+02
-1.006211e+00 -1.115958e+02 -1.691235e+02 5.652149e+01
-1.792037e+02 1.115958e+02 -7.372710e+01 6.119211e+00
9.249207e+00 -1.115958e+02 -2.263615e+02 1.240149e+02
4.856461e+02 1.115958e+02 2.471323e+02 3.501096e+02
-8.374993e+00 -1.115958e+02 1.740542e+01 -1.373762e+02
-4.031448e+01 1.115958e+02 1.180900e+02 -4.680865e+01
-1.195727e+02 -1.115958e+02 -4.656962e+01 -1.845988e+02
5.837017e+01 1.115958e+02 4.882677e+01 1.211392e+02
-6.226551e+02 -1.115958e+02 -4.924256e+02 -2.418253e+02
3.790849e+02 1.115958e+02 -1.893178e+01 5.096125e+02
3.017209e+01 -1.115958e+02 -2.486587e+02 1.672350e+02
-2.717611e+02 1.115958e+02 -1.479741e+02 -1.219116e+01
-4.351149e+02 -1.115958e+02 -3.126337e+02 -2.340770e+02
-2.560663e+02 1.115958e+02 -2.172373e+02 7.276675e+01
