7.706438e+02 1.593989e+02
5.162328e+02 4.839727e+01
-5.317190e+02 -3.239912e+02
8.342334e+01 -1.518743e+02
-1.212199e+02 1.718091e+02
-9.403373e+01 1.305211e+02
9.669438e+02 2.707616e+02
-1.549149e+02 1.597600e+02
-4.805130e+02 -2.126285e+02
1.809358e+02 -4.051159e+01
4.658848e+02 2.831718e+02
-5.336359e+01 2.418838e+02
-6.067826e+01 1.302292e+02
1.753514e+02 1.922760e+01
-5.583427e+02 -3.531609e+02
-9.921210e+01 -1.810439e+02
1.687500e+02 1.426395e+02
2.057286e+02 1.013515e+02
-2.931505e+02 2.123139e+02
6.621520e+02 1.013123e+02
-9.517547e+01 -2.710762e+02
5.550771e+01 -9.895924e+01
-3.968259e+01 2.247242e+02
1.569928e+02 1.834362e+02
2.411383e+02 1.030003e+02
-5.451661e+02 -8.001325e+00
-3.248684e+02 -3.803898e+02
-1.705138e+02 -2.082729e+02
4.436827e+02 1.154105e+02
-5.112998e+02 7.412252e+01
5.333098e+02 2.346370e+02
-3.175893e+02 1.236353e+02
-2.541238e+02 -2.487532e+02
-2.166736e+02 -7.663620e+01
1.283751e+02 2.470472e+02
4.789051e+02 2.057592e+02
-5.603325e+02 -5.969237e+00
-2.264567e+00 -1.169709e+02
-1.621759e+02 -4.893593e+02
-7.349462e+02 -3.172424e+02
2.041813e+02 6.441003e+00
4.212078e+01 -3.484701e+01
1.688847e+02 9.980047e+01
-5.628022e+02 -1.120115e+01
-3.382885e+02 -3.835896e+02
-4.333992e+02 -2.114727e+02
1.646480e+02 1.122107e+02
3.525400e+02 7.092269e+01
-2.151281e+02 2.390310e+02
-1.153866e+01 1.280293e+02
-1.231438e+02 -2.443592e+02
-3.214856e+01 -7.224221e+01
1.959105e+02 2.514412e+02
3.818106e+02 2.101532e+02
