-1.351545e+02 -2.353390e+02
-3.253599e+02 2.651204e+02
-1.377802e+02 -1.251679e+02
1.620357e+02 -4.051824e+01
-9.963765e+01 2.152344e+01
-4.085571e+01 -1.742852e+02
-2.675065e+02 -1.569843e+02
2.824669e+02 3.434752e+02
-1.789429e+02 -4.681315e+01
1.800123e+02 3.783652e+01
9.532494e+01 9.987819e+01
-5.124517e+01 -9.593046e+01
-4.099354e+02 -2.815471e+02
1.312374e+02 2.189124e+02
-8.020723e+00 -1.713760e+02
-2.709503e+02 -8.672629e+01
-7.476700e+01 -2.468461e+01
-8.009879e+01 -2.204933e+02
-1.579205e+02 -3.486658e+02
1.373296e+02 1.517937e+02
-2.491426e+02 -2.384946e+02
-3.258675e+02 -1.538450e+02
8.246205e+00 -9.180331e+01
-3.685114e+02 -2.876120e+02
-1.920310e+02 -3.002409e+02
3.440880e+01 2.002185e+02
-1.616837e+02 -1.900698e+02
-1.073868e+02 -1.054201e+02
-1.661675e+01 -4.337846e+01
-3.286465e+02 -2.391871e+02
-2.723691e+02 -1.428670e+02
5.856025e+02 3.575924e+02
9.688865e+01 -3.269589e+01
-1.266106e+02 5.195377e+01
1.003309e+02 1.139954e+02
-1.803542e+01 -8.181321e+01
-3.343463e+02 -3.616553e+02
3.961860e+02 1.388041e+02
-1.660440e+02 -2.514842e+02
2.117187e+02 -1.668346e+02
-2.126309e+02 -1.047929e+02
-5.808585e+02 -3.006015e+02
-2.635849e+02 -2.561775e+02
7.902968e+02 2.442819e+02
-2.501730e+02 -1.460064e+02
1.296509e+00 -6.135673e+01
1.390095e+01 6.849480e-01
-2.627241e+02 -1.951237e+02
4.592501e+01 -3.121695e+02
3.222455e+01 1.882900e+02
-4.113890e+02 -2.019984e+02
-7.854814e+01 -1.173487e+02
8.753378e+01 -5.530701e+01
-2.767222e+02 -2.511157e+02
