-2.076442e+02 1.187565e+02
-3.220475e+02 -2.691955e+02
2.722248e+01 -1.724881e+02
-1.578967e+02 1.154361e+02
3.761379e+02 1.645243e+02
-1.623998e+01 -6.123780e+01
-4.260169e+01 1.070540e+02
-2.647336e+02 -2.808980e+02
-1.969922e+02 -1.841905e+02
3.338996e+02 1.037337e+02
-1.366193e+01 1.528219e+02
9.603970e+01 -7.294023e+01
1.323398e+02 1.361421e+02
-3.587502e+02 -2.518099e+02
-1.333753e+02 -1.551024e+02
1.852971e+02 1.328218e+02
8.438739e+01 1.819100e+02
4.963549e+01 -4.385214e+01
4.810064e+02 2.362249e+02
1.708438e+01 -1.517271e+02
1.044847e+02 -5.501960e+01
4.527901e+02 2.329046e+02
2.302153e+02 2.819928e+02
-3.164346e+02 5.623066e+01
1.663885e+02 1.842015e+02
-5.767993e+02 -2.037505e+02
-1.666394e+02 -1.070430e+02
1.409676e+02 1.808812e+02
2.726372e+02 2.299694e+02
1.581268e+02 4.207253e+00
-3.992617e+02 -8.809882e+01
-6.984677e+02 -4.760508e+02
-3.938601e+02 -3.793433e+02
1.134209e+02 -9.141918e+01
7.361552e+01 -4.233096e+01
-3.187195e+02 -2.680931e+02
-9.570997e+01 1.151712e+02
2.704262e+02 -2.727808e+02
-1.379277e+02 -1.760733e+02
5.332573e+02 1.118508e+02
2.178112e+01 1.609391e+02
-2.910531e+02 -6.482306e+01
5.572279e+02 2.180962e+02
-5.352131e+02 -1.698558e+02
-1.734631e+02 -7.314831e+01
9.637984e+01 2.147758e+02
3.146284e+02 2.638641e+02
7.888923e+01 3.810195e+01
5.072127e+02 2.823997e+02
3.147838e+02 -1.055523e+02
-1.153768e+02 -8.844835e+00
6.535285e+01 2.790793e+02
3.481554e+02 3.281675e+02
1.204303e+02 1.024054e+02
