2.551467e+03 2.798036e+02 7.042624e+02 2.127008e+03
1.404205e+03 -2.798036e+02 5.015101e+02 6.228915e+02
-1.347272e+03 -2.798036e+02 2.683854e+02 -1.895461e+03
3.828397e+02 2.798036e+02 8.593330e+02 -1.966898e+02
1.151270e+03 0.000000e+00 7.034325e+02 4.478378e+02
3.055233e+02 0.000000e+00 4.092586e+02 -1.037353e+02
-6.084219e+01 2.798036e+02 -1.707320e+01 2.360346e+02
-1.338834e+02 -2.798036e+02 -2.198255e+02 -1.938615e+02
-4.662524e+02 -2.798036e+02 -4.529502e+02 -2.931058e+02
2.696497e+02 2.798036e+02 1.379974e+02 4.114559e+02
-6.385043e+01 0.000000e+00 -1.790313e+01 -4.594730e+01
-3.898882e+02 0.000000e+00 -3.120770e+02 -7.781118e+01
1.650181e+02 2.798036e+02 2.392323e+02 2.055894e+02
1.556062e+02 -2.798036e+02 3.648004e+01 -1.606775e+02
-5.814374e+01 -2.798036e+02 -1.966447e+02 -1.413026e+02
3.538751e+02 2.798036e+02 3.943030e+02 2.393758e+02
2.061031e+02 0.000000e+00 2.384024e+02 -3.229930e+01
-1.026782e+02 0.000000e+00 -5.577152e+01 -4.690668e+01
-4.743090e+01 2.798036e+02 5.083844e+02 -2.760117e+02
3.049947e+02 -2.798036e+02 3.056321e+02 -2.804411e+02
4.198925e+02 -2.798036e+02 7.250736e+01 6.758160e+01
1.116057e+03 2.798036e+02 6.634550e+02 7.324052e+02
1.643403e+02 0.000000e+00 5.075545e+02 -3.432141e+02
7.864659e+01 0.000000e+00 2.133806e+02 -1.347340e+02
5.783237e+02 2.798036e+02 3.532212e+02 5.049060e+02
1.583714e+02 -2.798036e+02 1.504690e+02 -2.719011e+02
-3.161614e+02 -2.798036e+02 -8.265580e+01 -5.133092e+02
2.474528e+02 2.798036e+02 5.082919e+02 1.896451e+01
1.425135e+02 0.000000e+00 3.523913e+02 -2.098778e+02
6.347816e+02 0.000000e+00 5.821740e+01 5.765642e+02
-3.341151e+01 2.798036e+02 2.754261e+02 -2.903400e+01
-1.598715e+03 -2.798036e+02 7.267381e+01 -1.951192e+03
-8.156646e+02 -2.798036e+02 -1.604510e+02 -9.350172e+02
1.338450e+03 2.798036e+02 4.304967e+02 1.187757e+03
-4.601961e+01 0.000000e+00 2.745961e+02 -3.206158e+02
6.995063e+02 0.000000e+00 -1.957775e+01 7.190840e+02
-3.701292e+01 2.798036e+02 1.365473e+02 1.062434e+02
-2.037103e+02 -2.798036e+02 -6.620497e+01 -4.173090e+02
-7.089828e+01 -2.798036e+02 -2.993297e+02 -5.137213e+01
3.136223e+00 2.798036e+02 2.916179e+02 -8.678133e+00
2.200213e+02 0.000000e+00 1.357174e+02 8.430389e+01
-1.471489e+02 0.000000e+00 -1.584565e+02 1.130764e+01
3.386236e+02 2.798036e+02 3.753169e+02 2.431102e+02
-2.267024e+02 -2.798036e+02 1.725646e+02 -6.790706e+02
2.585461e+02 -2.798036e+02 -6.056011e+01 3.930258e+01
6.665600e+02 2.798036e+02 5.303876e+02 4.159760e+02
4.055156e+02 0.000000e+00 3.744870e+02 3.102858e+01
-3.280088e+02 0.000000e+00 8.031309e+01 -4.083219e+02
1.242862e+03 2.798036e+02 7.288714e+02 7.937939e+02
7.853948e+02 -2.798036e+02 5.261191e+02 -2.052794e+01
1.978853e+02 -2.798036e+02 2.929944e+02 -3.749126e+02
7.538751e+02 2.798036e+02 8.839420e+02 1.497367e+02
9.580821e+02 0.000000e+00 7.280415e+02 2.300406e+02
1.462189e+02 0.000000e+00 4.338676e+02 -2.876487e+02
