-4.735608e+02 -1.968828e+02 -1.833334e+02 -4.871101e+02
7.344805e+02 1.968828e+02 4.854933e+02 4.458699e+02
-1.314873e+02 -1.968828e+02 -8.841672e+01 -2.399534e+02
4.041204e+02 1.968828e+02 3.465489e+02 2.544543e+02
-7.522108e+01 -1.968828e+02 -1.444183e+00 -2.706597e+02
1.152503e+02 1.968828e+02 7.606006e+01 2.360731e+02
-1.001964e+03 -1.968828e+02 -3.468107e+02 -8.520358e+02
-4.633927e+02 1.968828e+02 3.220161e+02 -5.885260e+02
-8.394113e+01 -1.968828e+02 -2.518940e+02 -2.892992e+01
1.401147e+02 1.968828e+02 1.830716e+02 1.539258e+02
-1.672377e+02 -1.968828e+02 -1.649214e+02 -1.991990e+02
1.437594e+02 1.968828e+02 -8.741720e+01 4.280593e+02
-4.983765e+00 -1.968828e+02 -8.181666e+01 -1.200499e+02
8.133698e+02 1.968828e+02 5.870101e+02 4.232425e+02
-7.450803e+01 -1.968828e+02 1.310006e+01 -2.844908e+02
3.516454e+02 1.968828e+02 4.480657e+02 1.004625e+02
4.980291e+01 -1.968828e+02 1.000726e+02 -2.471524e+02
2.735621e+02 1.968828e+02 1.775768e+02 2.928681e+02
-3.752656e+02 -1.968828e+02 -1.748246e+02 -3.973238e+02
3.719357e+02 1.968828e+02 4.940022e+02 7.481627e+01
-3.459848e+02 -1.968828e+02 -7.990784e+01 -4.629598e+02
6.328283e+02 1.968828e+02 3.550578e+02 4.746533e+02
3.763456e+01 -1.968828e+02 7.064697e+00 -1.663129e+02
1.657876e+02 1.968828e+02 8.456894e+01 2.781014e+02
-1.652045e+02 -1.968828e+02 -2.949523e+02 -6.713492e+01
2.572374e+02 1.968828e+02 3.738744e+02 8.024572e+01
-3.177239e+02 -1.968828e+02 -2.000356e+02 -3.145710e+02
7.331935e+02 1.968828e+02 2.349300e+02 6.951462e+02
-1.450616e+02 -1.968828e+02 -1.130631e+02 -2.288813e+02
-3.248370e+02 1.968828e+02 -3.555882e+01 -9.239545e+01
8.304704e+01 -1.968828e+02 -1.700898e+02 5.625403e+01
1.001396e+03 1.968828e+02 4.987370e+02 6.995419e+02
1.069852e+02 -1.968828e+02 -7.517304e+01 -1.472454e+01
7.815451e+01 1.968828e+02 3.597926e+02 -8.475529e+01
3.851228e+01 -1.968828e+02 1.179950e+01 -1.701700e+02
-1.867919e+02 1.968828e+02 8.930374e+01 -7.921291e+01
3.506409e+02 -1.968828e+02 -1.557153e+02 3.094734e+02
8.533846e+01 1.968828e+02 5.131115e+02 -2.308902e+02
6.883720e+01 -1.968828e+02 -6.079858e+01 -6.724698e+01
2.510943e+02 1.968828e+02 3.741670e+02 7.381004e+01
5.967096e+01 -1.968828e+02 2.617396e+01 -1.633858e+02
8.137650e+01 1.968828e+02 1.036782e+02 1.745811e+02
-4.181613e+02 -1.968828e+02 -2.014756e+02 -4.135685e+02
1.352665e+03 1.968828e+02 4.673512e+02 1.082196e+03
1.540993e+02 -1.968828e+02 -1.065589e+02 6.377546e+01
3.069828e+02 1.968828e+02 3.284067e+02 1.754588e+02
-2.134984e+02 -1.968828e+02 -1.958635e+01 -3.907948e+02
-4.576323e+01 1.968828e+02 5.791789e+01 9.320165e+01
-3.161551e+02 -1.968828e+02 -3.379220e+02 -1.751159e+02
-1.914014e+01 1.968828e+02 3.309048e+02 -1.531621e+02
-3.077754e+02 -1.968828e+02 -2.430053e+02 -2.616529e+02
-1.119912e+02 1.968828e+02 1.919603e+02 -1.070688e+02
1.278512e+02 -1.968828e+02 -1.560327e+02 8.700114e+01
1.660400e+00 1.968828e+02 -7.852850e+01 2.770717e+02
