4.672974e+02 2.446281e+02 1.174365e+02 5.944891e+02
-1.139205e+02 -2.446281e+02 -1.866665e+02 -1.718821e+02
-9.009835e+02 -2.446281e+02 -2.936998e+02 -8.519119e+02
3.691050e+02 2.446281e+02 2.263210e+02 3.874122e+02
-1.145597e+02 0.000000e+00 -5.369173e+00 -1.091905e+02
1.097972e+02 0.000000e+00 -1.289935e+02 2.387907e+02
1.064500e+02 2.446281e+02 9.150904e+01 2.595691e+02
6.191764e+01 -2.446281e+02 -2.125940e+02 2.988347e+01
-2.084872e+02 -2.446281e+02 -3.196272e+02 -1.334882e+02
3.800695e+02 2.446281e+02 2.003936e+02 4.243041e+02
-8.948339e+01 0.000000e+00 -3.129662e+01 -5.818677e+01
-4.925999e+02 0.000000e+00 -1.549210e+02 -3.376790e+02
2.226681e+02 2.446281e+02 2.495828e+02 2.177134e+02
-1.008011e+02 -2.446281e+02 -5.452023e+01 -2.909090e+02
-2.140446e+02 -2.446281e+02 -1.615535e+02 -2.971193e+02
5.570633e+02 2.446281e+02 3.584673e+02 4.432241e+02
9.409768e+01 0.000000e+00 1.267771e+02 -3.267946e+01
-1.338019e+01 0.000000e+00 3.152802e+00 -1.653299e+01
1.545694e+02 2.446281e+02 2.949489e+02 1.042486e+02
-1.222659e+01 -2.446281e+02 -9.154104e+00 -2.477006e+02
1.475685e+02 -2.446281e+02 -1.161873e+02 1.912767e+01
2.665218e+02 2.446281e+02 4.038334e+02 1.073165e+02
1.688281e+02 0.000000e+00 1.721433e+02 -3.315169e+00
-3.895297e+01 0.000000e+00 4.851892e+01 -8.747189e+01
7.002703e+02 2.446281e+02 2.816576e+02 6.632409e+02
1.366402e+01 -2.446281e+02 -2.244542e+01 -2.085187e+02
-1.467158e+02 -2.446281e+02 -1.294786e+02 -2.618653e+02
2.049466e+02 2.446281e+02 3.905421e+02 5.903258e+01
1.061169e+02 0.000000e+00 1.588519e+02 -5.273507e+01
1.244166e+02 0.000000e+00 3.522761e+01 8.918903e+01
1.187515e+02 2.446281e+02 2.390243e+02 1.243553e+02
-2.920168e+02 -2.446281e+02 -6.507870e+01 -4.715662e+02
-4.442989e+02 -2.446281e+02 -1.721119e+02 -5.168151e+02
6.647002e+02 2.446281e+02 3.479088e+02 5.614195e+02
-1.112655e+01 0.000000e+00 1.162187e+02 -1.273452e+02
2.619133e+02 0.000000e+00 -7.405670e+00 2.693190e+02
2.560511e+01 2.446281e+02 2.096910e+02 6.054227e+01
-1.557610e+02 -2.446281e+02 -9.441203e+01 -3.059771e+02
-7.358586e+01 -2.446281e+02 -2.014453e+02 -1.167687e+02
1.586112e+02 2.446281e+02 3.185755e+02 8.466380e+01
2.149744e+02 0.000000e+00 8.688533e+01 1.280891e+02
-6.684320e+01 0.000000e+00 -3.673901e+01 -3.010420e+01
1.270700e+02 2.446281e+02 2.845047e+02 8.719346e+01
-5.059451e+02 -2.446281e+02 -1.959835e+01 -7.309749e+02
-1.183931e+02 -2.446281e+02 -1.266316e+02 -2.363896e+02
3.364363e+02 2.446281e+02 3.933892e+02 1.876752e+02
2.449117e+02 0.000000e+00 1.616990e+02 8.321273e+01
8.700059e+01 0.000000e+00 3.807468e+01 4.892591e+01
9.557815e+02 2.446281e+02 4.616770e+02 7.387327e+02
4.307124e+02 -2.446281e+02 1.575740e+02 2.851033e+01
3.053204e+01 -2.446281e+02 5.054074e+01 -2.646368e+02
5.283116e+02 2.446281e+02 5.705615e+02 2.023782e+02
6.049740e+02 0.000000e+00 3.388713e+02 2.661027e+02
-1.939611e+02 0.000000e+00 2.152470e+02 -4.092081e+02
