-7.925533e+02 -2.186335e+02 -3.592945e+02 -6.518923e+02
-7.074838e+02 -2.186335e+02 -4.020748e+02 -5.240425e+02
-1.446246e+02 0.000000e+00 6.088198e+01 -2.055065e+02
-2.331239e+02 0.000000e+00 -1.647600e+02 -6.836394e+01
3.225455e+02 2.186335e+02 8.820070e+01 4.529783e+02
2.193380e+02 2.186335e+02 1.350760e+02 3.028955e+02
-6.241447e+02 -2.186335e+02 -2.980179e+02 -5.447602e+02
-5.772617e+02 -2.186335e+02 -3.407982e+02 -4.550969e+02
-3.200473e+01 0.000000e+00 1.221586e+02 -1.541633e+02
-3.715582e+02 0.000000e+00 -1.034834e+02 -2.680748e+02
3.977781e+02 2.186335e+02 1.494773e+02 4.669343e+02
1.752950e+02 2.186335e+02 1.963526e+02 1.975758e+02
-2.534932e+02 -2.186335e+02 -3.948986e+02 -7.722812e+01
-1.002674e+01 -2.186335e+02 -4.376789e+02 2.090187e+02
1.640628e+02 0.000000e+00 2.527790e+01 1.387849e+02
-2.220200e+02 0.000000e+00 -2.003641e+02 -2.165590e+01
-3.726399e+01 2.186335e+02 5.259662e+01 1.287729e+02
5.148683e-01 2.186335e+02 9.947195e+01 1.196764e+02
-4.290919e+02 -2.186335e+02 -3.043806e+02 -3.433447e+02
1.557352e+02 -2.186335e+02 -3.471609e+02 2.842627e+02
2.614349e+02 0.000000e+00 1.157959e+02 1.456390e+02
4.563069e+01 0.000000e+00 -1.098461e+02 1.554768e+02
-1.443040e+02 2.186335e+02 1.431146e+02 -6.878516e+01
2.588163e+02 2.186335e+02 1.899899e+02 2.874598e+02
-3.029314e+02 -2.186335e+02 -3.927809e+02 -1.287840e+02
-3.309944e+02 -2.186335e+02 -4.355612e+02 -1.140667e+02
-4.068568e+02 0.000000e+00 2.739563e+01 -4.342524e+02
-6.955408e+01 0.000000e+00 -1.982463e+02 1.286923e+02
5.521225e+01 2.186335e+02 5.471434e+01 2.191314e+02
3.127543e+02 2.186335e+02 1.015897e+02 4.297981e+02
2.245723e+02 -2.186335e+02 -2.806531e+02 2.865919e+02
1.134050e+03 -2.186335e+02 -3.234334e+02 1.238849e+03
4.320779e+02 0.000000e+00 1.395234e+02 2.925545e+02
-4.932690e+02 0.000000e+00 -8.611855e+01 -4.071504e+02
1.383300e+02 2.186335e+02 1.668421e+02 1.901213e+02
-4.267830e+00 2.186335e+02 2.137175e+02 6.481624e-01
-5.385963e+01 -2.186335e+02 -3.897848e+02 1.172917e+02
-1.164495e+03 -2.186335e+02 -4.325651e+02 -9.505636e+02
5.057809e+02 0.000000e+00 3.039174e+01 4.753891e+02
-9.068994e+01 0.000000e+00 -1.952502e+02 1.045603e+02
-1.877583e+02 2.186335e+02 5.771045e+01 -2.683532e+01
1.490643e+02 2.186335e+02 1.045858e+02 2.631120e+02
-4.162531e+02 -2.186335e+02 -4.115242e+02 -2.233624e+02
-1.290938e+02 -2.186335e+02 -4.543045e+02 1.065772e+02
-1.782863e+02 0.000000e+00 8.652294e+00 -1.869386e+02
-1.740497e+02 0.000000e+00 -2.169897e+02 4.293994e+01
5.767916e+01 2.186335e+02 3.597101e+01 2.403416e+02
1.830506e+02 2.186335e+02 8.284634e+01 3.188377e+02
-5.677511e+02 -2.186335e+02 -3.101957e+02 -4.761889e+02
-2.567549e+02 -2.186335e+02 -3.529760e+02 -1.224124e+02
2.749092e+02 0.000000e+00 1.099808e+02 1.649284e+02
-7.569593e+01 0.000000e+00 -1.156612e+02 3.996525e+01
1.765060e+02 2.186335e+02 1.372995e+02 2.578399e+02
2.788470e+01 2.186335e+02 1.841748e+02 6.234333e+01
