3.587469e+01 1.890416e+02 3.779221e+02 -1.530058e+02
2.683133e+02 -1.890416e+02 6.495668e+01 1.431495e+01
6.471560e+02 0.000000e+00 3.616126e+02 2.855434e+02
-3.106354e+02 0.000000e+00 1.559730e+02 -4.666083e+02
1.071093e+02 -1.890416e+02 9.543941e+01 -1.773717e+02
4.061738e+02 1.890416e+02 4.032618e+02 1.919536e+02
-2.111176e+02 1.890416e+02 5.751484e+00 -2.782746e+01
-7.308008e+02 -1.890416e+02 -3.072139e+02 -6.126285e+02
1.024549e+02 0.000000e+00 -1.055800e+01 1.130129e+02
-7.074704e+00 0.000000e+00 -2.161976e+02 2.091229e+02
-3.940837e+02 -1.890416e+02 -2.767312e+02 -3.063942e+02
-2.321505e+02 1.890416e+02 3.109113e+01 -7.420003e+01
4.927927e+01 1.890416e+02 1.124668e+02 1.258541e+02
-1.901588e+02 -1.890416e+02 -2.004987e+02 -1.787018e+02
8.155295e+01 0.000000e+00 9.615728e+01 -1.460434e+01
-1.392848e+02 0.000000e+00 -1.094824e+02 -2.980246e+01
-1.833381e+02 -1.890416e+02 -1.700159e+02 -2.023638e+02
3.051263e+02 1.890416e+02 1.378064e+02 3.563615e+02
-8.995355e+00 1.890416e+02 1.183450e+02 6.170125e+01
-4.733628e+02 -1.890416e+02 -1.946204e+02 -4.677840e+02
2.284926e+02 0.000000e+00 1.020355e+02 1.264571e+02
-2.788655e+01 0.000000e+00 -1.036041e+02 7.571756e+01
-5.944850e+01 -1.890416e+02 -1.641377e+02 -8.435246e+01
-6.328784e+01 1.890416e+02 1.436847e+02 -1.793088e+01
2.075265e+02 1.890416e+02 1.739582e+01 3.791723e+02
-1.853016e+02 -1.890416e+02 -2.955696e+02 -7.877360e+01
-3.042035e+02 0.000000e+00 1.086339e+00 -3.052899e+02
-1.955983e+02 0.000000e+00 -2.045533e+02 8.955012e+00
-8.290400e+01 -1.890416e+02 -2.650869e+02 -6.858756e+00
1.076553e+02 1.890416e+02 4.273547e+01 2.539615e+02
1.176504e+02 1.890416e+02 8.492657e+00 2.981994e+02
-1.508517e+02 -1.890416e+02 -3.044728e+02 -3.542060e+01
8.934216e+01 0.000000e+00 -7.816829e+00 9.715899e+01
-4.784471e+01 0.000000e+00 -2.134565e+02 1.656118e+02
-4.420293e+02 -1.890416e+02 -2.739900e+02 -3.570809e+02
1.151705e+00 1.890416e+02 3.383230e+01 1.563610e+02
4.128995e+02 1.890416e+02 2.299817e+02 3.719594e+02
-1.645351e+02 -1.890416e+02 -8.298368e+01 -2.705930e+02
-4.856467e+01 0.000000e+00 2.136723e+02 -2.622369e+02
-2.027300e+00 0.000000e+00 8.032605e+00 -1.005991e+01
1.711395e+02 -1.890416e+02 -5.250095e+01 3.459884e+01
2.576554e+02 1.890416e+02 2.553214e+02 1.913756e+02
7.002910e+02 1.890416e+02 2.648076e+02 6.245250e+02
-2.329493e+02 -1.890416e+02 -4.815786e+01 -3.738331e+02
3.474561e+02 0.000000e+00 2.484981e+02 9.895804e+01
9.077518e-02 0.000000e+00 4.285843e+01 -4.276765e+01
-3.031370e+02 -1.890416e+02 -1.767513e+01 -4.745035e+02
3.534200e+02 1.890416e+02 2.901472e+02 2.523144e+02
9.120748e+02 1.890416e+02 5.347133e+02 5.664031e+02
7.484927e+02 -1.890416e+02 2.217479e+02 3.377032e+02
3.887881e+02 0.000000e+00 5.184038e+02 -1.296158e+02
1.095188e+01 0.000000e+00 3.127642e+02 -3.018123e+02
5.053691e+02 -1.890416e+02 2.522306e+02 6.409692e+01
5.660576e+01 1.890416e+02 5.600529e+02 -3.144056e+02
