-8.257547e+02 -3.422177e+02
3.766550e+02 -4.148384e+02
3.135734e+02 7.674967e+01
7.918266e+02 2.626962e+02
-7.280182e+02 -2.244315e+02
-3.131245e+02 -2.896366e+02
-2.660350e+02 -4.175443e+02
-4.042216e+02 -4.901649e+02
-1.117619e+02 1.423118e+00
8.254492e+01 1.873697e+02
-2.067748e+02 -2.997580e+02
-3.401345e+02 -3.649632e+02
-3.033275e+02 -2.926382e+02
-1.038212e+03 -3.652588e+02
3.632548e+02 1.263292e+02
4.666290e+02 3.122758e+02
-2.128249e+02 -1.748519e+02
-3.244731e+02 -2.400570e+02
-5.084482e+02 2.704117e+01
-9.522998e+01 -4.557947e+01
2.336149e+02 4.460086e+02
9.561611e+02 6.319551e+02
4.880682e+02 1.448274e+02
-3.620654e+02 7.962229e+01
-3.996694e+01 -4.249488e+02
-9.821716e+02 -4.975694e+02
-1.762480e+02 -5.981393e+00
-7.053571e+00 1.799652e+02
-1.014542e+02 -3.071625e+02
-2.302797e+02 -3.723677e+02
6.219055e+01 -1.462441e+02
2.067067e+02 -2.188648e+02
5.472613e+01 2.727233e+02
8.333806e+02 4.586698e+02
-1.102855e+02 -2.845786e+01
-2.861878e+02 -9.366301e+01
-2.399290e+02 -1.647706e+02
-6.133967e+02 -2.373912e+02
4.599767e+01 2.541968e+02
1.915066e+02 4.401434e+02
1.450693e+02 -4.698429e+01
2.938688e+02 -1.121894e+02
1.736103e+01 6.832477e+01
7.203038e+02 -4.295867e+00
9.152762e+02 4.872922e+02
1.750650e+02 6.732387e+02
-2.326816e+01 1.861110e+02
2.849932e+02 1.209059e+02
-5.712332e+02 -4.313907e+02
-6.853890e+02 -5.040114e+02
3.146046e+02 -1.242335e+01
-2.585020e+02 1.735232e+02
-1.237160e+02 -3.136045e+02
-4.081209e+02 -3.788096e+02
