-7.449001e+01 -9.613258e+01 -1.531062e+02 -1.751644e+01
3.737726e+02 9.613258e+01 3.131904e+02 1.567149e+02
7.589978e+01 -9.613258e+01 7.382665e+01 -9.405945e+01
1.703076e+02 9.613258e+01 1.164599e+02 1.499803e+02
3.649565e+01 -9.613258e+01 2.041736e+01 -8.005429e+01
-4.037945e+01 9.613258e+01 8.828304e+01 -3.252992e+01
-1.501183e+02 -9.613258e+01 -2.803160e+02 3.406514e+01
2.506231e+01 9.613258e+01 1.859805e+02 -6.478559e+01
-1.456247e+02 -9.613258e+01 -5.338323e+01 -1.883740e+02
-9.773853e+01 9.613258e+01 -1.074996e+01 9.144007e+00
-3.184391e+01 -9.613258e+01 -1.067925e+02 -2.118397e+01
2.982150e+01 9.613258e+01 -3.892684e+01 1.648809e+02
-2.870319e+02 -9.613258e+01 -1.938988e+02 -1.892657e+02
7.022357e+02 9.613258e+01 2.723977e+02 5.259706e+02
-1.316180e+02 -9.613258e+01 3.303398e+01 -2.607846e+02
1.549543e+02 9.613258e+01 7.566725e+01 1.754196e+02
3.037445e+01 -9.613258e+01 -2.037530e+01 -4.538283e+01
-2.984376e+01 9.613258e+01 4.749037e+01 1.879844e+01
-4.019731e+02 -9.613258e+01 -3.293309e+02 -1.687748e+02
3.230461e+02 9.613258e+01 1.369656e+02 2.822131e+02
9.713575e+01 -9.613258e+01 -1.023981e+02 1.034013e+02
-1.489847e+02 9.613258e+01 -5.976483e+01 6.912676e+00
-3.135725e+02 -9.613258e+01 -1.558074e+02 -2.538977e+02
-2.469917e+01 9.613258e+01 -8.794171e+01 1.593751e+02
-2.062109e+02 -9.613258e+01 -2.825180e+02 -1.982549e+01
4.575940e+02 9.613258e+01 1.837785e+02 3.699480e+02
-2.172079e+02 -9.613258e+01 -5.558517e+01 -2.577553e+02
-1.261725e+02 9.613258e+01 -1.295189e+01 -1.708802e+01
2.515601e+01 -9.613258e+01 -1.089945e+02 3.801788e+01
-5.255892e+01 9.613258e+01 -4.112877e+01 8.470243e+01
-3.051616e+02 -9.613258e+01 -2.025409e+02 -1.987533e+02
3.933357e+02 9.613258e+01 2.637556e+02 2.257127e+02
1.427797e+02 -9.613258e+01 2.439190e+01 2.225526e+01
6.115414e+01 9.613258e+01 6.702517e+01 9.026155e+01
-1.809250e+02 -9.613258e+01 -2.901739e+01 -2.480402e+02
1.103478e+02 9.613258e+01 3.884829e+01 1.676321e+02
-3.710096e+02 -9.613258e+01 -3.808521e+02 -8.629016e+01
4.658934e+01 9.613258e+01 8.544445e+01 5.727746e+01
-7.770393e+01 -9.613258e+01 -1.539193e+02 -1.991726e+01
-3.720538e+01 9.613258e+01 -1.112860e+02 1.702132e+02
-1.913241e+02 -9.613258e+01 -2.073285e+02 -8.012813e+01
-2.584028e+02 9.613258e+01 -1.394629e+02 -2.280736e+01
-1.188361e+02 -9.613258e+01 -1.203861e+02 -9.458252e+01
-1.841196e+01 9.613258e+01 3.459104e+02 -2.681898e+02
4.295105e+01 -9.613258e+01 1.065467e+02 -1.597282e+02
3.970956e+02 9.613258e+01 1.491800e+02 3.440483e+02
8.263049e+01 -9.613258e+01 5.313740e+01 -6.663949e+01
3.468751e+01 9.613258e+01 1.210031e+02 9.817015e+00
-4.257598e+02 -9.613258e+01 -3.492475e+02 -1.726448e+02
-3.631458e+02 9.613258e+01 1.170490e+02 -3.840623e+02
3.897914e+01 -9.613258e+01 -1.223147e+02 6.516125e+01
-9.397549e+01 9.613258e+01 -7.968142e+01 8.183851e+01
-3.032842e+02 -9.613258e+01 -1.757240e+02 -2.236928e+02
7.699047e+01 9.613258e+01 -1.078583e+02 2.809813e+02
