-1.875487e+02 -8.290535e+01 -2.418195e+01 -2.462721e+02
-5.928119e+01 -8.290535e+01 -9.780791e+01 -4.437863e+01
8.353108e+00 8.290535e+01 6.578436e+01 2.547410e+01
1.284856e+02 8.290535e+01 1.399110e+02 7.147989e+01
2.476784e+01 0.000000e+00 9.160547e+00 1.560729e+01
1.360172e+02 0.000000e+00 2.678803e+01 1.092292e+02
-3.473634e+02 -8.290535e+01 -1.208092e+02 -3.094596e+02
-3.576855e+02 -8.290535e+01 -1.944351e+02 -2.461557e+02
-4.265500e+01 8.290535e+01 -3.084285e+01 7.109320e+01
4.776546e+01 8.290535e+01 4.328383e+01 8.738698e+01
1.639664e+01 0.000000e+00 -8.746667e+01 1.038633e+02
-4.865568e+01 0.000000e+00 -6.983918e+01 2.118350e+01
4.172584e+01 -8.290535e+01 -5.127785e+01 1.009834e+01
2.728599e+00 -8.290535e+01 -1.249038e+02 4.472706e+01
-3.101146e+01 8.290535e+01 3.868846e+01 1.320543e+01
7.530996e+01 8.290535e+01 1.128151e+02 4.540017e+01
-3.068933e+01 0.000000e+00 -1.793535e+01 -1.275397e+01
-1.751965e+00 0.000000e+00 -3.078681e-01 -1.444096e+00
3.914635e+01 -8.290535e+01 4.839764e+01 -9.215664e+01
-5.087328e+01 -8.290535e+01 -2.522832e+01 -1.085503e+02
1.872778e+02 8.290535e+01 1.383640e+02 1.318192e+02
1.087839e+02 8.290535e+01 2.124906e+02 -2.080138e+01
2.979814e+01 0.000000e+00 8.174013e+01 -5.194199e+01
1.937564e+02 0.000000e+00 9.936762e+01 9.438882e+01
1.995273e+01 -8.290535e+01 -2.419345e+01 -3.875917e+01
3.098880e+00 -8.290535e+01 -9.781941e+01 1.801294e+01
7.926586e+01 8.290535e+01 6.577287e+01 9.639835e+01
6.881223e+01 8.290535e+01 1.398995e+02 1.181803e+01
-1.691881e+01 0.000000e+00 9.149049e+00 -2.606786e+01
5.725268e+01 0.000000e+00 2.677654e+01 3.047614e+01
2.125139e+02 -8.290535e+01 1.890315e+01 1.107054e+02
-2.669859e+02 -8.290535e+01 -5.472282e+01 -2.951685e+02
3.212110e+02 8.290535e+01 1.088695e+02 2.952469e+02
2.377306e+02 8.290535e+01 1.829961e+02 1.376398e+02
-1.165314e+02 0.000000e+00 5.224564e+01 -1.687770e+02
3.448388e+01 0.000000e+00 6.987313e+01 -3.538925e+01
1.514125e+02 -8.290535e+01 4.857302e+01 1.993412e+01
8.145964e+01 -8.290535e+01 -2.505294e+01 2.360723e+01
4.813682e+01 8.290535e+01 1.385393e+02 -7.497168e+00
2.281229e+02 8.290535e+01 2.126660e+02 9.836224e+01
6.616621e+01 0.000000e+00 8.191552e+01 -1.574931e+01
1.007767e+02 0.000000e+00 9.954301e+01 1.233674e+00
-6.500274e+01 -8.290535e+01 -5.020075e+01 -9.770734e+01
-3.000916e+02 -8.290535e+01 -1.238267e+02 -2.591702e+02
1.708177e+01 8.290535e+01 3.976556e+01 6.022156e+01
1.575814e+02 8.290535e+01 1.138922e+02 1.265945e+02
7.870210e+00 0.000000e+00 -1.685825e+01 2.472846e+01
1.379740e+01 0.000000e+00 7.692322e-01 1.302817e+01
-1.572222e+02 -8.290535e+01 -1.066887e+02 -1.334388e+02
-3.008608e+02 -8.290535e+01 -1.803147e+02 -2.034515e+02
6.173201e+00 8.290535e+01 -1.672239e+01 1.058009e+02
2.155632e+02 8.290535e+01 5.740429e+01 2.410642e+02
2.814698e+01 0.000000e+00 -7.334621e+01 1.014932e+02
-2.515744e+02 0.000000e+00 -5.571872e+01 -1.958557e+02
