-8.568996e+01 -1.052305e+02 -1.165535e+02 -7.436696e+01
-1.155047e+02 -1.052305e+02 -3.018758e+01 -1.905476e+02
9.683498e+01 0.000000e+00 -7.728063e+01 1.741156e+02
1.050411e+02 0.000000e+00 1.985096e+01 8.519018e+01
3.395966e+01 1.052305e+02 1.020429e+02 3.714721e+01
9.269114e+00 1.052305e+02 1.115631e+02 2.936444e+00
1.722629e+02 -1.052305e+02 -9.980851e+01 1.668410e+02
-1.188920e+02 -1.052305e+02 -1.344263e+01 -2.106798e+02
-4.380981e+01 0.000000e+00 -6.053568e+01 1.672586e+01
6.482220e+01 0.000000e+00 3.659592e+01 2.822629e+01
5.771954e+01 1.052305e+02 1.187879e+02 4.416215e+01
1.113323e+02 1.052305e+02 1.283081e+02 8.825469e+01
1.423740e+02 -1.052305e+02 -6.246020e+01 9.960370e+01
5.566520e+01 -1.052305e+02 2.390569e+01 -7.347096e+01
7.256656e+01 0.000000e+00 -2.318736e+01 9.575392e+01
-1.397225e+02 0.000000e+00 7.394423e+01 -2.136667e+02
1.809194e+02 1.052305e+02 1.561362e+02 1.300137e+02
1.804323e+02 1.052305e+02 1.656564e+02 1.200063e+02
-2.437092e+02 -1.052305e+02 -2.194055e+02 -1.295342e+02
5.751518e+01 -1.052305e+02 -1.330396e+02 8.532433e+01
-1.571696e+02 0.000000e+00 -1.801327e+02 2.296311e+01
-1.036721e+02 0.000000e+00 -8.300107e+01 -2.067100e+01
7.080107e+00 1.052305e+02 -8.091240e-01 1.131197e+02
-4.949574e+01 1.052305e+02 8.711102e+00 4.702363e+01
6.141204e+01 -1.052305e+02 -1.126911e+02 6.887262e+01
-4.161534e+01 -1.052305e+02 -2.632517e+01 -1.205206e+02
-1.430722e+02 0.000000e+00 -7.341822e+01 -6.965402e+01
-2.068655e+02 0.000000e+00 2.371338e+01 -2.305789e+02
1.484297e+02 1.052305e+02 1.059053e+02 1.477549e+02
2.656147e+02 1.052305e+02 1.154256e+02 2.554196e+02
-6.217781e+02 -1.052305e+02 -2.339069e+02 -4.931017e+02
1.485691e+01 -1.052305e+02 -1.475410e+02 5.716745e+01
-3.084698e+02 0.000000e+00 -1.946341e+02 -1.138357e+02
-7.900176e+01 0.000000e+00 -9.750246e+01 1.850070e+01
1.119119e+02 1.052305e+02 -1.531051e+01 2.324529e+02
-4.995406e+01 1.052305e+02 -5.790287e+00 6.106669e+01
-2.651158e+02 -1.052305e+02 -1.492323e+02 -2.211139e+02
-2.248365e+02 -1.052305e+02 -6.286646e+01 -2.672005e+02
-1.597535e+02 0.000000e+00 -1.099595e+02 -4.979401e+01
1.024289e+02 0.000000e+00 -1.282792e+01 1.152569e+02
1.125998e+02 1.052305e+02 6.936403e+01 1.484662e+02
4.060898e+01 1.052305e+02 7.888425e+01 6.695520e+01
-2.571677e+02 -1.052305e+02 -9.041187e+01 -2.719863e+02
1.218162e+02 -1.052305e+02 -4.045982e+00 2.063171e+01
-8.803710e+01 0.000000e+00 -5.113903e+01 -3.689807e+01
1.943015e+02 0.000000e+00 4.599256e+01 1.483089e+02
3.869302e+01 1.052305e+02 1.281845e+02 1.573898e+01
1.800280e+02 1.052305e+02 1.377047e+02 1.475538e+02
-1.551970e+02 -1.052305e+02 -1.997212e+02 -6.070631e+01
-4.469281e+01 -1.052305e+02 -1.133553e+02 -3.656797e+01
-1.641487e+02 0.000000e+00 -1.604484e+02 -3.700350e+00
-1.208539e+02 0.000000e+00 -6.331677e+01 -5.753713e+01
-1.614234e+01 1.052305e+02 1.887518e+01 7.021295e+01
9.467513e+01 1.052305e+02 2.839540e+01 1.715102e+02
