-1.361502e+02 9.800045e+01 5.181376e+01 -8.996353e+01
-2.032272e+01 -9.800045e+01 -1.365254e+02 1.820226e+01
2.714788e+02 0.000000e+00 8.938413e+01 1.820947e+02
-1.826606e+02 0.000000e+00 -5.231629e+01 -1.303443e+02
-9.789488e+01 -9.800045e+01 -8.813300e+01 -1.077623e+02
2.207643e+01 9.800045e+01 4.084855e+01 7.922833e+01
1.416699e+02 9.800045e+01 2.653156e+01 2.131388e+02
-1.371738e+02 -9.800045e+01 -1.618076e+02 -7.336658e+01
-7.208381e+01 0.000000e+00 6.410193e+01 -1.361857e+02
-1.446726e+02 0.000000e+00 -7.759849e+01 -6.707407e+01
-3.073800e+01 -9.800045e+01 -1.134152e+02 -1.532325e+01
5.206501e+01 9.800045e+01 1.556635e+01 1.344991e+02
-5.531602e+00 9.800045e+01 1.197994e+02 -2.733059e+01
5.351789e+01 -9.800045e+01 -6.853976e+01 2.405720e+01
2.500686e+02 0.000000e+00 1.573698e+02 9.269884e+01
-4.198687e+01 0.000000e+00 1.566939e+01 -5.765625e+01
-4.205465e+01 -9.800045e+01 -2.014732e+01 -1.199078e+02
1.092063e+02 9.800045e+01 1.088342e+02 9.837250e+01
1.728832e+00 9.800045e+01 1.220134e+02 -2.228411e+01
-2.889990e+02 -9.800045e+01 -6.632580e+01 -3.206737e+02
8.979253e+01 0.000000e+00 1.595838e+02 -6.979123e+01
1.316963e+02 0.000000e+00 1.788335e+01 1.138129e+02
3.890155e+01 -9.800045e+01 -1.793336e+01 -4.116554e+01
1.044859e+02 9.800045e+01 1.110482e+02 9.143817e+01
-1.029146e+02 9.800045e+01 3.275063e+01 -3.766474e+01
-3.264456e+02 -9.800045e+01 -1.555886e+02 -2.688575e+02
1.203213e+02 0.000000e+00 7.032100e+01 5.000034e+01
-7.288004e+01 0.000000e+00 -7.137942e+01 -1.500622e+00
-1.100950e+02 -9.800045e+01 -1.071961e+02 -1.008993e+02
5.215881e+01 9.800045e+01 2.178542e+01 1.283738e+02
-5.024559e+01 9.800045e+01 8.203594e+01 -3.428108e+01
1.356664e+02 -9.800045e+01 -1.063033e+02 1.439692e+02
1.281920e+02 0.000000e+00 1.196063e+02 8.585690e+00
-4.594815e+01 0.000000e+00 -2.209410e+01 -2.385405e+01
2.149600e+01 -9.800045e+01 -5.791081e+01 -1.859364e+01
-2.906945e+01 9.800045e+01 7.107073e+01 -2.139732e+00
1.575044e+02 9.800045e+01 9.211883e+01 1.633860e+02
-1.218321e+02 -9.800045e+01 -9.622036e+01 -1.236122e+02
1.647905e+01 0.000000e+00 1.296892e+02 -1.132101e+02
6.229335e+01 0.000000e+00 -1.201122e+01 7.430457e+01
-6.341906e+01 -9.800045e+01 -4.782792e+01 -1.135916e+02
1.108551e+02 9.800045e+01 8.115362e+01 1.277019e+02
3.952825e+02 9.800045e+01 4.567832e+01 4.476046e+02
-1.849397e+02 -9.800045e+01 -1.426609e+02 -1.402793e+02
1.069273e+02 0.000000e+00 8.324869e+01 2.367858e+01
1.511123e+02 0.000000e+00 -5.845173e+01 2.095640e+02
-2.613063e+02 -9.800045e+01 -9.426844e+01 -2.650383e+02
-2.849846e+00 9.800045e+01 3.471311e+01 6.043750e+01
2.492914e+02 9.800045e+01 8.113976e+01 2.661521e+02
-5.653984e+01 -9.800045e+01 -1.071994e+02 -4.734085e+01
1.969962e+02 0.000000e+00 1.187101e+02 7.828603e+01
-5.599851e+01 0.000000e+00 -2.299029e+01 -3.300822e+01
-1.359030e+02 -9.800045e+01 -5.880700e+01 -1.750964e+02
7.793675e+01 9.800045e+01 7.017454e+01 1.057627e+02
