-6.735249e+01 -1.310667e+02
5.950024e+01 -9.433746e+01
9.461729e+01 3.983903e+01
-6.093710e+01 -1.018080e+02
-1.991038e+02 -1.108620e+02
-4.226914e+01 9.371448e+00
-1.486973e+02 -1.216176e+02
-2.131790e+02 -8.488833e+01
3.879182e+01 4.928816e+01
-4.313895e+01 -9.235883e+01
-1.504569e+02 -1.014129e+02
9.259106e+01 1.882058e+01
1.594747e+02 -8.956630e+00
2.114672e+02 2.777263e+01
2.195313e+02 1.619491e+02
-2.139681e+01 2.030214e+01
5.259076e+01 1.124811e+01
3.727653e+01 1.314815e+02
-7.465409e+01 -1.220450e+02
-1.402225e+02 -8.531570e+01
2.107166e+01 4.886080e+01
-1.165227e+02 -9.278619e+01
-4.784434e+01 -1.018402e+02
1.285235e+01 1.839321e+01
3.951140e+01 3.319901e+01
2.096826e+02 6.992828e+01
1.712898e+02 2.041048e+02
5.384649e+01 6.245778e+01
7.159341e+01 5.340376e+01
1.540280e+02 1.736372e+02
-3.016834e+02 -1.140013e+02
9.298171e+01 -7.727201e+01
4.514372e+01 5.690449e+01
-1.623197e+02 -8.474251e+01
-8.548925e+01 -9.379653e+01
9.383820e+01 2.643690e+01
9.652689e+01 -7.611943e+01
-1.809405e+02 -3.939016e+01
6.587418e+01 9.478634e+01
-7.481342e+01 -4.686066e+01
-7.502991e+01 -5.591468e+01
1.242056e+02 6.431875e+01
-3.745449e+02 -1.213432e+02
4.734988e+01 -8.461394e+01
5.767006e+01 4.956255e+01
9.264865e+00 -9.208444e+01
-6.949571e+01 -1.011385e+02
-3.833058e+01 1.909497e+01
9.379936e+01 -9.477079e+01
-2.527345e+02 -5.804152e+01
9.603352e+01 7.613497e+01
-1.248839e+02 -6.551202e+01
2.757077e+00 -7.456604e+01
3.963017e+01 4.566739e+01
