-1.692777e+02 7.698104e+01 1.247985e+02 -2.170952e+02
-1.181958e+02 -7.698104e+01 -9.921636e+01 -9.596052e+01
1.668242e+02 -7.698104e+01 -3.736441e+01 1.272076e+02
-2.262151e+01 7.698104e+01 4.472451e+01 9.635018e+00
4.354851e+00 0.000000e+00 5.605792e+01 -5.170307e+01
-4.164748e+00 0.000000e+00 -1.763566e+01 1.347091e+01
-3.145658e+01 7.698104e+01 1.012219e+02 -5.569748e+01
-2.154320e+01 -7.698104e+01 -1.227929e+02 2.426864e+01
-1.666330e+02 -7.698104e+01 -6.094093e+01 -1.826731e+02
1.372031e+02 7.698104e+01 2.114799e+01 1.930361e+02
-9.499577e+00 0.000000e+00 3.248140e+01 -4.198097e+01
-1.234010e+01 0.000000e+00 -4.121219e+01 2.887208e+01
1.938259e+02 7.698104e+01 1.054802e+02 1.653268e+02
3.370496e+01 -7.698104e+01 -1.185347e+02 7.525860e+01
-1.053491e+01 -7.698104e+01 -5.668273e+01 -3.083323e+01
-6.874927e+01 7.698104e+01 2.540619e+01 -1.717442e+01
3.806781e+01 0.000000e+00 3.673960e+01 1.328211e+00
-8.978718e+01 0.000000e+00 -3.695398e+01 -5.283320e+01
1.534440e+02 7.698104e+01 9.607214e+01 1.343529e+02
-2.493629e+02 -7.698104e+01 -1.279427e+02 -1.984012e+02
2.434136e+01 -7.698104e+01 -6.609073e+01 1.345106e+01
-4.033620e+01 7.698104e+01 1.599819e+01 2.064665e+01
2.756620e+01 0.000000e+00 2.733159e+01 2.346064e-01
-5.041063e+01 0.000000e+00 -4.636199e+01 -4.048639e+00
1.501792e+02 7.698104e+01 1.372973e+02 8.986292e+01
-2.179627e+02 -7.698104e+01 -8.671750e+01 -2.082262e+02
-8.860522e+01 -7.698104e+01 -2.486555e+01 -1.407207e+02
1.722254e+02 7.698104e+01 5.722337e+01 1.919831e+02
5.043999e+01 0.000000e+00 6.855678e+01 -1.811678e+01
-8.185908e+00 0.000000e+00 -5.136805e+00 -3.049103e+00
2.928146e+02 7.698104e+01 1.795336e+02 1.902621e+02
-1.376326e+02 -7.698104e+01 -4.448123e+01 -1.701324e+02
3.103890e+01 -7.698104e+01 1.737072e+01 -6.331286e+01
6.464725e+01 7.698104e+01 9.945964e+01 4.216866e+01
1.291072e+02 0.000000e+00 1.107930e+02 1.831412e+01
2.285466e+01 0.000000e+00 3.709946e+01 -1.424481e+01
3.040778e+01 7.698104e+01 1.323557e+02 -2.496688e+01
-1.303479e+02 -7.698104e+01 -9.165913e+01 -1.156698e+02
-1.008837e+02 -7.698104e+01 -2.980718e+01 -1.480576e+02
9.861835e+01 7.698104e+01 5.228174e+01 1.233177e+02
1.571387e+02 0.000000e+00 6.361515e+01 9.352357e+01
-7.363985e+01 0.000000e+00 -1.007843e+01 -6.356142e+01
2.204005e+02 7.698104e+01 6.762810e+00 2.906187e+02
4.618182e+01 -7.698104e+01 -2.172520e+02 1.864528e+02
-2.814841e+02 -7.698104e+01 -1.554001e+02 -2.030651e+02
-1.141188e+02 7.698104e+01 -7.331115e+01 3.617337e+01
-3.241292e+01 0.000000e+00 -6.197774e+01 2.956482e+01
-1.759195e+02 0.000000e+00 -1.356713e+02 -4.024822e+01
1.440818e+02 7.698104e+01 1.189714e+02 1.020915e+02
-2.772046e+02 -7.698104e+01 -1.050434e+02 -2.491422e+02
7.968191e+01 -7.698104e+01 -4.319147e+01 4.589234e+01
-8.005953e+01 7.698104e+01 3.889745e+01 -4.197594e+01
-4.111756e+00 0.000000e+00 5.023086e+01 -5.434261e+01
7.998300e+01 0.000000e+00 -2.346272e+01 1.034457e+02
