-7.449001e+01 -1.531062e+02
3.737726e+02 3.131904e+02
7.589978e+01 7.382665e+01
1.703076e+02 1.164599e+02
3.649565e+01 2.041736e+01
-4.037945e+01 8.828304e+01
-1.501183e+02 -2.803160e+02
2.506231e+01 1.859805e+02
-1.456247e+02 -5.338323e+01
-9.773853e+01 -1.074996e+01
-3.184391e+01 -1.067925e+02
2.982150e+01 -3.892684e+01
-2.870319e+02 -1.938988e+02
7.022357e+02 2.723977e+02
-1.316180e+02 3.303398e+01
1.549543e+02 7.566725e+01
3.037445e+01 -2.037530e+01
-2.984376e+01 4.749037e+01
-4.019731e+02 -3.293309e+02
3.230461e+02 1.369656e+02
9.713575e+01 -1.023981e+02
-1.489847e+02 -5.976483e+01
-3.135725e+02 -1.558074e+02
-2.469917e+01 -8.794171e+01
-2.062109e+02 -2.825180e+02
4.575940e+02 1.837785e+02
-2.172079e+02 -5.558517e+01
-1.261725e+02 -1.295189e+01
2.515601e+01 -1.089945e+02
-5.255892e+01 -4.112877e+01
-3.051616e+02 -2.025409e+02
3.933357e+02 2.637556e+02
1.427797e+02 2.439190e+01
6.115414e+01 6.702517e+01
-1.809250e+02 -2.901739e+01
1.103478e+02 3.884829e+01
-3.710096e+02 -3.808521e+02
4.658934e+01 8.544445e+01
-7.770393e+01 -1.539193e+02
-3.720538e+01 -1.112860e+02
-1.913241e+02 -2.073285e+02
-2.584028e+02 -1.394629e+02
-1.188361e+02 -1.203861e+02
-1.841196e+01 3.459104e+02
4.295105e+01 1.065467e+02
3.970956e+02 1.491800e+02
8.263049e+01 5.313740e+01
3.468751e+01 1.210031e+02
-4.257598e+02 -3.492475e+02
-3.631458e+02 1.170490e+02
3.897914e+01 -1.223147e+02
-9.397549e+01 -7.968142e+01
-3.032842e+02 -1.757240e+02
7.699047e+01 -1.078583e+02
